380225912
18225857
18782913
19687826
19689110
19691922
19691926
19691927
19754130
19754134
19764937
19773129
19884178
20737682
20802694
20802706
20815561
20815593
23633443
23686802
23695250
23698340
23698976
23698980
23699171
23702738
23706694
23707014
23751814
23751830
23751905
23752326
23752338
23752342
23752598
23762441
23762477
23762569
23762573
23762633
23764517
23764681
23764713
23774900
23778861
23778889
23780230
23781089
23827992
23828185
23830052
23840308
23845766
23845782
24017558
24024617
24024737
24024745
24024749
24024753
24032865
24090281
26667275
26909921
26991209
27180361
27180393
32238998
56073961
56129942
56138918
56139494
56139497
56162710
56191110
56191190
56195206
56195270
56195302
56195526
56202473
56204246
56204449
56204513
56205025
56205031
56205033
56260998
56261012
56270433
56270569
56322182
56326790
56333925
56335977
56336105
56519056
56519057
56519090
56522344
56522345
56522886
56522918
56523154
56523158
56523190
56530529
56532705
56538721
56551825
56555113
56584326
56588688
56588694
57175254
57185369
57185499
57185670
57185861
57186011
57187398
57187414
57187542
57187718
57187782
57187877
57187879
57187909
57187910
57187926
57188001
57188005
57203078
57240786
57245062
57251206
57251214
57251416
57252935
57253057
57253074
57253089
57253090
57253091
57253250
57253254
57253314
57253318
57253330
57253410
57253446
57253460
57253462
57253472
57253474
57253476
57253585
57253794
57261126
57261446
57261638
57267865
57268614
57268630
57268886
57268902
57269904
57269905
57306258
57306582
57318945
57372306
57376390
57384549
57384609
57398937
57437846
57440406
57455689
57455705
57455737
57456217
57456219
57456241
57456273
57456338
57503376
57503382
57507462
57515618
57521434
57521562
57521566
57521754
57521755
57523478
57523795
57529989
57530001
57530089
57534102
57534358
57571974
57572498
57572502
57572758
57603657
64412521
64943721
107047636
107057470
107058014
107059364
107066600
107067080
107080100
107178676
107198121
107205289
107206313
107211172
107211474
107573958
107574180
107574914
107576006
107576034
107576036
107581502
107581732
107581734
107581740
107581742
107581748
107581758
107581862
107581878
107582036
107582038
107582044
107582070
107582166
107582167
107582294
107582296
107582302
107582356
107582372
107582374
107582375
107582388
107582402
107582406
107582422
107582438
107582450
107583408
107583414
107589686
107589940
107589944
107589976
107589987
107589988
107590004
107590010
107590052
107590055
107590082
107590090
107590091
107590114
107590115
107590120
107590196
107590227
107590268
107590353
107590359
107590482
107590594
107590598
107590610
107590614
107590625
107590628
107590742
107590774
107590803
107591028
107591030
107591105
107591106
107591107
107591110
107591111
107591138
107591140
107591144
107591572
107591576
107591578
107591632
107591638
107606310
107606378
107705730
107705794
107706518
107712812
107713108
107713509
107714484
107714488
107714528
107722209
107722704
107722720
107729829
107729833
107729837
108174889
108238440
108246184
108248169
108255817
108255849
108259734
108559337
108565478
108566565
108566573
108566635
108566693
108566821
108567267
108567333
108567397
108567430
108568102
108573545
108575077
108575081
108575174
108576097
108630309
108630580
108630660
108630661
108630662
108630676
108630694
108630695
108630756
108630758
108630820
108630850
108630858
108630916
108630951
108630982
108631010
108631013
108631014
108631714
108631715
108631720
108631778
108631977
108632109
108632110
108632118
108632356
108632357
108632364
108632372
108632426
108632492
108632615
108632646
108632649
108632662
108632684
108632708
108632709
108632710
108632711
108632717
108632724
108632743
108632756
108632774
108632786
108632802
108632997
108633026
108633641
108633731
108633765
108633766
108633767
108638318
108638565
108638948
108639330
108639338
108639394
108639398
108639430
108639462
108639586
108639590
108639714
108639715
108639718
108639720
108639848
108639876
108639942
108640363
108640366
108640406
108640422
108640549
108640594
108640612
108640676
108640707
108640722
108640978
108641318
108641380
108641442
108641572
108641638
108641761
108641940
108652836
108652946
108656994
108690582
108697161
108697281
108697645
108698213
108698729
108705897
108712809
108762753
108762852
108966505
110229805
112308584
112309609
112310377
112311400
112311401
112311402
112311403
112311656
112311659
112316776
112316777
112317289
112318825
112319081
112375145
112440680
112507218
112507237
112507239
112572769
112572771
112572777
112572866
112573538
112573539
112573542
112573545
112573547
112573795
112573803
112580966
112580968
112588905
112835930
112843105
112849256
125401798
125416866
125417099
125417108
125417154
125417922
129100166
129296738
129296739
129296742
129422953
129427817
375948989
375953069
376007640
376013656
376014450
376014514
376014520
376014524
376014776
376015330
376015830
376015842
376015846
376019125
376019126
376019364
376019380
376019426
376019636
376019649
376019654
376019655
376019667
376019684
376019938
376019940
376084169
376095405
376096697
376145340
376145592
376145596
376145624
376149720
376150436
376150708
376151012
376160860
376161132
376161180
376161708
376161720
376161972
376162212
376162740
376347329
376353897
377586030
377587578
377588601
377592700
377718137
377722216
377722220
377722222
377723245
377723772
377724280
377724282
377734521
377735032
377735033
377735801
377743702
377921884
377921916
377922396
377922424
377922428
377922649
377922936
377923417
377923954
377924978
377924984
377983848
377984872
377985892
377985896
377987964
377988729
377992552
377992554
377993576
377993577
378003770
378004073
378004312
378004316
378004332
378005812
378005814
378005878
378115962
378116724
378116980
378246772
378248568
378261869
378262116
378262117
378972494
378972504
378973538
378973554
378988826
379102275
379102315
379102571
379104331
379106411
379106635
379168107
379169238
379169889
379170147
379170152
379170168
379170258
379172294
379173318
379173993
379183404
379183405
379183466
379183917
379185452
379185462
379243380
379245165
379248956
379249261
379297128
379308468
379308964
379310952
379311012
