57529989
57530001
57530089
57534102
57534358
57571974
57572498
57572502
57572758
57603657
64412521
64943721
107047636
107057470
107058014
107059364
107066600
107067080
107080100
107178676
107198121
107205289
107206313
107211172
107211474
107573958
107574180
107574914
107576006
107576034
107576036
107581502
107581732
107581734
107581740
107581742
107581748
107581758
107581862
107581878
107582036
107582038
107582044
107582070
107582166
107582167
107582294
107582296
107582302
107582356
107582372
107582374
107582375
107582388
107582402
107582406
107582422
107582438
107582450
107583408
107583414
107589686
107589940
107589944
107589976
107589987
107589988
107590004
107590010
107590052
107590055
107590082
107590090
107590091
107590114
107590115
107590120
107590196
107590227
107590268
107590353
107590359
107590482
107590594
107590598
107590610
107590614
107590625
107590628
107590742
107590774
107590803
107591028
107591030
107591105
107591106
107591107
107591110
107591111
107591138
107591140
107591144
107591572
107591576
107591578
107591632
107591638
107606310
107606378
107705730
107705794
107706518
107712812
107713108
107713509
107714484
107714488
107714528
107722209
107722704
107722720
107729829
