107729833
107729837
108174889
108238440
108246184
108248169
108255817
108255849
108259734
108559337
108565478
108566565
108566573
108566635
108566693
108566821
108567267
108567333
108567397
108567430
108568102
108573545
108575077
108575081
108575174
108576097
108630309
108630580
108630660
108630661
108630662
108630676
108630694
108630695
108630756
108630758
108630820
108630850
108630858
108630916
108630951
108630982
108631010
108631013
108631014
108631714
108631715
108631720
108631778
108631977
108632109
108632110
108632118
108632356
108632357
108632364
108632372
108632426
108632492
108632615
108632646
108632649
108632662
108632684
108632708
108632709
108632710
108632711
108632717
108632724
108632743
108632756
108632774
108632786
108632802
108632997
108633026
108633641
108633731
108633765
108633766
108633767
108638318
108638565
108638948
108639330
108639338
108639394
108639398
108639430
108639462
108639586
108639590
108639714
108639715
108639718
108639720
108639848
108639876
108639942
108640363
108640366
108640406
108640422
108640549
108640594
108640612
108640676
108640707
108640722
108640978
108641318
108641380
108641442
108641572
108641638
108641761
108641940
108652836
108652946
108656994
108690582
108697161
108697281
108697645
108698213
108698729
108705897
108712809
108762753
108762852
108966505
110229805
112308584
112309609
112310377
112311400
112311401
112311402
112311403
112311656
112311659
112316776
112316777
112317289
112318825
112319081
112375145
112440680
112507218
112507237
112507239
112572769
112572771
112572777
112572866
112573538
112573539
112573542
112573545
112573547
112573795
112573803
112580966
112580968
112588905
112835930
112843105
112849256
125401798
125416866
125417099
125417108
125417154
125417922
129100166
129296738
129296739
129296742
129422953
129427817
375948989
375953069
376007640
376013656
376014450
376014514
376014520
376014524
376014776
376015330
376015830
376015842
376015846
376019125
376019126
376019364
376019380
376019426
376019636
376019649
376019654
376019655
376019667
376019684
376019938
376019940
376084169
376095405
376096697
376145340
376145592
376145596
376145624
376149720
376150436
376150708
376151012
376160860
376161132
376161180
376161708
376161720
376161972
376162212
376162740
376347329
376353897
377586030
377587578
377588601
377592700
377718137
377722216
377722220
377722222
377723245
377723772
377724280
377724282
377734521
377735032
377735033
377735801
377743702
377921884
377921916
377922396
377922424
377922428
377922649
377922936
377923417
377923954
377924978
377924984
377983848
377984872
377985892
377985896
377987964
377988729
377992552
377992554
377993576
377993577
378003770
378004073
378004312
378004316
378004332
378005812
378005814
378005878
378115962
378116724
378116980
378246772
378248568
378261869
378262116
378262117
378972494
378972504
378973538
378973554
378988826
379102275
379102315
379102571
379104331
379106411
379106635
379168107
379169238
379169889
379170147
379170152
379170168
379170258
379172294
379173318
379173993
379183404
379183405
379183466
379183917
379185452
379185462
379243380
379245165
379248956
379249261
379297128
379308468
379308964
379310952
379311012
