0
mig
2
7 0
0 0 2 1 3 0 0 0 3 1 6 0 
1
mig
4
9 0
2 0 3 0 5 1 4 0 5 0 6 1 0 0 1 0 7 0 0 0 6 0 8 0 
3
mig
3
8 0
1 0 2 1 4 0 2 0 3 0 6 1 0 0 6 0 7 0 
6
mig
4
9 0
2 1 4 0 5 0 1 0 2 1 3 0 4 0 5 0 7 0 0 0 6 1 8 0 
7
mig
4
9 0
1 0 2 0 3 1 0 0 4 1 5 0 0 0 3 0 6 0 4 0 7 0 8 0 
15
mig
2
7 0
1 1 2 0 3 0 0 0 1 0 6 0 
22
mig
5
10 0
3 0 4 0 5 1 0 0 1 0 2 0 3 0 4 0 6 1 5 0 6 0 7 1 0 0 8 0 9 1 
23
mig
3
8 0
3 0 4 0 5 0 1 0 2 1 6 0 0 0 2 0 7 0 
24
mig
4
9 0
3 0 4 0 5 0 2 1 3 0 6 0 1 0 3 0 6 0 0 0 7 1 8 0 
25
mig
4
9 0
0 0 3 0 5 1 1 0 4 0 6 0 2 0 4 1 5 0 0 0 7 0 8 0 
27
mig
4
9 0
2 0 3 0 5 0 2 0 4 0 5 1 1 0 6 1 7 0 0 0 6 0 8 0 
30
mig
4
9 0
1 1 4 0 5 0 2 1 3 0 6 0 1 0 3 0 6 0 0 0 7 1 8 0 
31
mig
4
9 0
0 0 1 0 2 0 4 0 5 0 6 1 0 1 3 0 7 0 0 0 6 0 8 0 
60
mig
3
8 0
2 1 3 0 4 0 1 0 3 0 4 0 0 0 6 1 7 0 
61
mig
5
10 0
2 0 3 0 4 1 1 0 3 0 6 1 5 0 6 1 7 0 4 1 7 0 8 0 0 0 2 0 9 0 
63
mig
3
8 0
0 1 3 0 4 0 1 0 2 0 6 1 0 0 6 0 7 0 
105
mig
5
10 0
3 0 4 1 5 0 3 0 4 0 5 1 3 1 6 0 7 0 1 0 2 0 8 1 0 0 8 0 9 0 
107
mig
5
10 0
0 0 1 0 2 0 3 0 4 0 5 1 2 0 4 0 5 1 0 1 3 0 8 0 6 0 7 0 9 1 
111
mig
4
9 0
1 0 4 1 5 0 3 0 4 1 5 0 2 0 6 1 7 0 0 0 1 0 8 0 
126
mig
4
9 0
3 0 4 0 5 1 1 1 5 0 6 0 2 0 5 0 6 0 0 0 7 1 8 0 
127
mig
4
9 0
0 0 1 0 2 0 0 0 4 1 5 0 3 0 4 1 7 0 4 0 6 0 8 0 
255
mig
1
6 0
0 0 1 0 2 0 
279
mig
5
10 0
0 0 4 0 5 1 1 0 4 1 6 0 2 0 5 0 6 0 3 0 7 1 8 0 0 0 1 0 9 0 
280
mig
5
10 0
2 1 3 0 5 0 1 1 2 0 6 0 3 0 4 0 6 1 4 0 5 1 7 0 0 0 8 0 9 1 
281
mig
4
9 0
1 0 4 0 5 1 2 1 3 0 4 0 3 0 5 0 7 1 0 0 6 0 8 0 
282
mig
4
9 0
2 0 3 0 4 1 1 1 5 0 6 0 2 0 3 0 5 0 0 0 7 1 8 0 
283
mig
4
9 0
2 0 3 0 5 0 0 0 4 1 5 0 1 0 6 1 7 0 0 0 1 0 8 1 
286
mig
5
10 0
1 1 4 0 5 0 2 0 3 1 6 0 1 1 3 0 7 0 2 0 6 0 7 1 0 0 8 1 9 0 
287
mig
3
8 0
1 1 4 0 5 0 2 0 3 0 6 0 0 0 1 0 7 0 
300
mig
5
10 0
1 1 2 0 5 0 2 0 3 0 4 0 1 0 3 1 5 0 4 0 6 0 8 1 0 0 7 0 9 1 
301
mig
5
10 0
0 0 4 0 5 1 2 0 4 0 6 1 3 0 6 0 7 1 1 0 3 0 6 0 0 0 8 1 9 0 
303
mig
4
9 0
2 0 3 0 5 1 3 0 4 0 6 0 1 0 2 0 6 1 0 0 7 0 8 0 
316
mig
5
10 0
2 0 3 0 4 1 3 0 5 1 6 0 1 1 4 0 7 0 2 0 3 0 6 1 0 0 8 1 9 0 
317
mig
4
9 0
1 1 3 0 4 0 1 0 5 0 6 1 2 0 3 0 4 0 0 0 7 0 8 0 
316
mig
5
10 0
2 0 3 0 4 0 0 0 2 1 5 0 3 0 4 0 6 1 1 0 7 0 8 1 0 0 6 0 9 0 
318
mig
5
10 0
2 0 3 0 4 0 2 0 4 0 5 1 2 1 3 0 5 0 1 1 7 0 8 0 0 0 6 0 9 1 
317
mig
4
9 0
1 1 3 0 4 0 2 0 3 0 4 0 1 0 5 0 6 1 0 0 7 0 8 0 
319
mig
4
9 0
2 0 3 0 4 0 2 0 5 1 6 0 1 0 2 0 7 1 0 0 6 0 8 0 
318
mig
5
10 0
2 1 4 0 5 0 2 0 3 0 5 1 1 1 6 0 7 0 2 0 3 0 4 0 0 0 8 1 9 0 
319
mig
4
9 0
2 0 3 0 4 0 1 0 2 0 5 1 2 0 6 0 7 1 0 0 1 0 8 0 
360
mig
5
10 0
3 0 4 0 5 0 3 0 4 1 5 0 1 1 2 0 6 0 2 0 4 0 7 0 0 0 8 1 9 0 
360
mig
5
10 0
3 0 4 0 5 0 3 0 5 0 6 1 1 1 2 0 6 0 2 0 4 0 7 0 0 0 8 1 9 0 
361
mig
5
10 0
3 0 4 0 5 0 0 0 2 0 6 1 3 1 4 0 5 0 3 0 7 0 8 0 0 0 1 0 9 0 
361
mig
5
10 0
3 0 4 0 5 0 1 0 2 1 6 0 3 0 4 0 6 1 5 0 7 1 8 0 0 0 1 0 9 0 
362
mig
5
10 0
2 0 3 0 4 0 2 0 5 1 6 0 1 1 5 0 7 0 2 0 5 0 6 0 0 0 8 1 9 0 
362
mig
5
10 0
2 0 3 0 4 0 2 0 5 1 6 0 1 1 5 0 7 0 2 0 6 0 7 1 0 0 8 1 9 0 
363
mig
5
10 0
0 1 3 0 4 0 3 0 4 0 5 1 2 0 5 0 6 0 0 0 1 0 8 0 6 1 7 0 9 0 
363
mig
5
10 0
3 0 4 0 5 1 2 0 5 0 6 0 0 0 1 0 7 0 0 1 3 0 4 0 6 0 8 0 9 1 
366
mig
5
10 0
2 0 4 0 5 1 1 1 5 0 6 0 2 0 3 0 4 0 2 0 6 1 8 0 0 0 7 1 9 0 
366
mig
5
10 0
2 0 3 0 4 0 2 0 4 0 5 1 2 0 6 0 7 1 1 1 5 0 7 0 0 0 8 0 9 1 
367
mig
5
10 0
3 0 4 1 5 0 2 0 4 0 6 0 0 0 1 0 7 0 0 0 5 0 6 0 5 1 8 0 9 0 
382
mig
5
10 0
3 0 4 0 5 1 2 0 5 0 6 1 1 1 6 0 7 0 2 0 5 0 7 1 0 0 8 1 9 0 
383
mig
3
8 0
3 0 4 0 5 1 2 0 5 0 6 0 0 0 1 0 7 0 
367
mig
5
10 0
3 0 4 1 5 0 0 0 5 0 6 0 2 0 4 0 6 0 0 0 1 0 8 0 5 1 7 0 9 0 
384
mig
5
10 0
1 0 2 0 4 0 2 0 3 0 5 0 2 0 6 1 7 0 4 1 6 0 7 0 0 0 8 1 9 0 
385
mig
5
10 0
0 0 2 0 4 1 1 0 3 0 5 1 0 0 4 0 5 0 0 0 3 1 6 0 7 0 8 0 9 0 
382
mig
5
10 0
3 1 4 0 5 0 2 0 3 0 6 1 1 1 6 0 7 0 2 0 3 0 7 1 0 0 8 1 9 0 
383
mig
3
8 0
3 1 4 0 5 0 2 0 3 0 6 0 0 0 1 0 7 0 
384
mig
5
10 0
3 0 4 1 5 0 2 0 4 0 6 1 0 0 4 1 7 0 1 0 4 0 8 0 7 1 8 0 9 0 
385
mig
5
10 0
0 0 3 0 4 0 0 0 2 0 4 1 0 0 5 1 7 0 1 0 3 1 5 0 6 0 8 0 9 0 
386
mig
5
10 0
1 0 2 0 5 0 2 0 3 0 6 1 4 1 5 0 7 0 3 0 4 1 6 0 0 0 8 1 9 0 
386
mig
5
10 0
1 0 2 0 5 0 2 0 3 0 6 1 4 1 5 0 7 0 3 0 4 1 6 0 0 0 8 1 9 0 
387
mig
5
10 0
0 1 4 0 5 0 1 0 3 1 4 0 0 0 3 0 7 0 2 0 5 0 7 0 6 1 8 0 9 0 
390
mig
5
10 0
1 0 3 1 4 0 1 1 2 0 4 0 3 1 5 0 7 0 2 0 5 0 6 0 0 0 8 1 9 0 
387
mig
5
10 0
1 0 3 0 4 1 0 1 3 0 5 0 0 0 4 0 6 0 2 0 5 0 6 0 7 1 8 0 9 0 
391
mig
5
10 0
2 0 4 0 5 0 1 0 3 1 6 0 0 0 3 0 7 0 2 0 7 0 8 0 6 1 8 0 9 0 
393
mig
5
10 0
0 1 4 0 5 0 0 0 3 0 5 0 0 0 2 0 7 1 1 0 4 0 8 0 6 1 7 0 9 0 
390
mig
5
10 0
1 1 2 0 4 0 1 0 3 1 4 0 2 0 5 0 7 0 3 1 5 0 6 0 0 0 8 0 9 1 
395
mig
5
10 0
1 0 2 1 5 0 0 0 3 0 4 0 0 0 4 0 5 1 6 0 7 1 8 0 0 0 1 0 9 1 
399
mig
4
9 0
3 1 4 0 5 0 1 0 2 0 6 0 1 0 3 0 6 1 0 0 7 0 8 0 
391
mig
5
10 0
2 0 4 0 5 0 1 0 3 0 6 1 0 0 6 0 7 0 2 0 7 0 8 0 3 1 8 0 9 0 
393
mig
5
10 0
1 0 4 0 5 1 3 0 5 0 6 1 2 1 4 0 6 0 0 1 7 0 8 0 6 0 7 0 9 1 
395
mig
5
10 0
0 1 4 0 5 0 1 0 2 0 5 0 1 0 3 1 4 0 0 0 3 0 8 0 6 1 7 0 9 0 
399
mig
4
9 0
3 1 4 0 5 0 1 0 3 0 6 1 1 0 2 0 6 0 0 0 7 0 8 0 
409
mig
5
10 0
0 1 2 0 3 0 0 0 2 0 4 1 4 0 5 1 6 0 1 0 5 0 7 0 0 0 8 0 9 0 
410
mig
5
10 0
2 0 3 0 4 1 1 1 5 0 6 0 3 0 6 0 7 1 2 0 5 0 8 0 0 0 7 1 9 0 
411
mig
4
9 0
1 0 3 0 4 1 2 0 5 0 6 0 1 0 4 0 5 1 0 0 7 0 8 0 
409
mig
5
10 0
1 0 4 1 5 0 3 0 4 1 6 0 0 0 4 0 7 0 2 1 5 0 7 0 6 0 8 0 9 1 
410
mig
5
10 0
1 0 3 0 4 1 2 0 5 0 6 0 2 0 4 1 6 0 1 1 5 0 8 0 0 0 7 0 9 1 
411
mig
4
9 0
1 0 4 0 5 1 1 0 3 0 4 1 2 0 5 0 7 0 0 0 6 0 8 0 
415
mig
5
10 0
0 0 4 0 5 1 1 0 4 1 6 0 3 1 5 0 6 0 2 1 7 0 8 0 0 0 1 0 9 1 
424
mig
5
10 0
1 1 3 0 4 0 2 0 5 0 6 1 1 0 5 0 7 0 0 0 7 1 8 0 5 1 8 0 9 0 
425
mig
5
10 0
3 0 4 1 5 0 0 0 4 0 6 0 1 0 3 1 6 0 0 0 2 0 5 1 7 0 8 0 9 0 
426
mig
5
10 0
3 0 4 0 5 1 1 0 2 0 5 0 2 0 6 0 7 1 0 0 6 0 8 1 5 1 7 0 9 0 
427
mig
4
9 0
1 0 3 1 4 0 3 0 5 1 6 0 1 0 2 0 5 0 0 0 7 0 8 0 
415
mig
5
10 0
0 0 4 0 5 0 0 0 1 0 2 0 4 0 5 0 6 1 1 0 3 0 8 1 6 0 7 0 9 0 
424
mig
5
10 0
0 0 3 0 4 0 2 0 5 0 6 1 0 0 5 0 7 1 1 0 7 0 8 0 5 1 8 0 9 0 
425
mig
5
10 0
0 0 3 0 4 0 0 0 2 0 6 1 1 0 5 1 6 0 5 0 7 0 8 0 0 0 8 0 9 0 
426
mig
5
10 0
1 0 2 0 5 0 3 0 4 0 5 1 2 0 6 1 7 0 0 0 7 0 8 1 5 1 6 0 9 0 
427
mig
4
9 0
3 0 4 1 5 0 0 0 4 0 6 0 0 0 2 0 5 1 1 0 7 0 8 0 
429
mig
5
10 0
1 0 3 0 5 1 1 0 4 1 5 0 3 1 4 0 5 0 2 0 7 0 8 0 0 0 6 0 9 0 
430
mig
5
10 0
0 0 4 0 5 0 2 0 3 1 4 0 1 0 2 0 6 0 0 0 7 1 8 0 5 1 8 0 9 0 
431
mig
4
9 0
0 0 4 0 5 0 1 0 2 0 6 0 1 0 3 0 5 1 0 0 7 0 8 0 
429
mig
5
10 0
1 0 2 0 4 0 1 0 3 0 5 1 2 1 3 0 4 0 5 0 6 0 8 1 0 0 7 0 9 0 
430
mig
5
10 0
2 0 3 1 4 0 1 1 4 0 5 0 1 1 5 0 6 0 1 0 2 0 7 0 0 0 8 1 9 0 
431
mig
4
9 0
0 0 4 0 5 0 1 0 3 0 5 1 1 0 2 0 6 0 0 0 7 0 8 0 
445
mig
5
10 0
3 1 4 0 5 0 1 0 3 0 6 1 1 0 4 1 6 0 2 0 4 0 7 0 0 0 8 0 9 0 
447
mig
4
9 0
1 1 3 0 5 0 1 0 4 0 5 1 2 0 6 0 7 0 0 0 1 0 8 0 
445
mig
5
10 0
3 0 4 1 5 0 0 0 4 1 6 0 2 0 3 0 7 1 1 0 3 1 6 0 0 0 8 0 9 0 
488
mig
5
10 0
0 0 2 0 3 0 4 0 5 0 6 0 1 0 2 0 7 0 3 1 6 0 7 0 0 0 8 0 9 1 
447
mig
4
9 0
0 0 3 1 5 0 1 1 4 0 5 0 2 0 6 1 7 0 0 0 1 0 8 0 
489
mig
5
10 0
3 0 4 0 5 1 3 0 4 0 6 1 0 0 2 0 7 1 0 0 5 0 6 0 1 0 8 0 9 0 
490
mig
5
10 0
2 0 3 0 4 0 1 1 5 0 6 0 0 0 2 0 7 1 1 0 2 0 7 1 1 0 8 0 9 1 
488
mig
5
10 0
0 0 2 0 3 0 4 0 5 0 6 0 1 0 2 0 7 0 3 1 6 0 7 0 0 0 8 0 9 1 
491
mig
5
10 0
3 0 4 1 5 0 0 0 3 1 6 0 2 0 5 1 7 0 0 0 4 0 6 0 1 0 8 0 9 0 
489
mig
5
10 0
3 0 4 1 5 0 0 0 4 0 6 0 3 0 5 0 6 1 0 0 2 0 8 1 1 0 7 0 9 0 
494
mig
5
10 0
1 1 4 0 5 0 0 0 2 1 3 0 0 0 6 0 7 0 1 0 2 0 6 0 6 1 8 0 9 0 
495
mig
4
9 0
0 0 4 0 5 0 1 0 3 0 6 1 1 0 2 0 6 0 0 0 7 0 8 0 
490
mig
5
10 0
2 0 3 0 4 0 0 0 5 0 6 0 0 0 2 1 7 0 1 0 2 1 7 0 1 0 8 0 9 1 
510
mig
5
10 0
3 0 4 0 5 1 0 0 5 0 6 0 0 0 2 0 7 1 1 1 2 0 7 0 7 0 8 0 9 1 
511
mig
4
9 0
0 0 4 0 5 1 2 0 3 0 4 0 2 0 6 1 7 0 0 0 1 0 8 0 
491
mig
5
10 0
3 0 4 1 5 0 0 0 4 0 6 0 0 0 3 1 6 0 2 0 5 1 8 0 1 0 7 0 9 0 
494
mig
5
10 0
0 0 2 1 3 0 0 0 4 0 5 0 0 0 6 0 7 0 1 0 2 0 7 0 7 1 8 0 9 0 
495
mig
4
9 0
1 1 4 0 5 0 0 0 3 0 6 0 0 0 2 0 6 1 1 0 7 0 8 0 
510
mig
5
10 0
3 0 4 0 5 1 1 1 5 0 6 0 1 1 2 0 7 0 2 0 7 0 8 1 0 0 8 1 9 0 
511
mig
4
9 0
1 1 3 0 4 0 1 1 5 0 6 0 0 1 2 0 7 0 0 0 1 0 8 0 
828
mig
4
9 0
2 0 3 1 4 0 1 1 3 0 6 0 2 0 3 0 4 0 0 0 7 1 8 0 
829
mig
5
10 0
2 0 3 0 4 0 0 0 2 0 5 1 3 0 4 1 7 0 1 1 4 0 8 0 0 0 6 0 9 1 
831
mig
2
7 0
2 0 3 0 4 0 0 0 1 0 6 0 
828
mig
4
9 0
2 0 3 0 4 1 1 1 4 0 6 0 2 0 3 0 4 0 0 0 7 1 8 0 
854
mig
5
10 0
0 0 3 0 4 0 1 1 2 0 5 0 0 0 6 1 7 0 1 0 6 1 7 0 1 0 8 0 9 1 
855
mig
4
9 0
1 1 3 0 4 0 0 0 2 0 5 1 2 0 6 0 7 1 0 0 1 0 8 0 
829
mig
5
10 0
2 0 3 0 4 0 1 0 3 1 5 0 2 0 3 1 4 0 1 0 7 0 8 1 0 0 6 0 9 0 
831
mig
2
7 0
2 0 3 0 4 0 0 0 1 0 6 0 
854
mig
5
10 0
0 0 2 0 5 0 1 1 3 0 4 0 1 0 6 0 7 0 0 0 7 1 8 0 6 1 8 0 9 0 
855
mig
4
9 0
1 1 2 0 5 0 0 0 3 1 4 0 4 0 6 0 7 1 0 0 1 0 8 0 
858
mig
5
10 0
1 1 2 0 5 0 0 1 2 0 4 0 1 1 3 0 6 0 3 0 6 0 7 0 0 0 8 1 9 0 
859
mig
5
10 0
2 1 3 0 5 0 0 0 5 0 6 1 1 0 3 0 7 0 0 0 4 0 6 0 6 1 8 0 9 0 
858
mig
5
10 0
1 1 2 0 5 0 1 0 2 0 4 0 1 0 3 0 6 0 3 0 6 0 7 1 0 0 8 0 9 1 
859
mig
5
10 0
2 0 3 0 5 0 0 0 3 0 4 1 0 0 3 0 5 1 6 0 7 1 8 0 0 0 1 0 9 0 
863
mig
4
9 0
1 1 2 0 5 0 1 0 2 0 4 0 3 0 6 0 7 0 0 0 1 0 8 0 
863
mig
4
9 0
1 1 3 0 4 0 0 1 3 0 5 0 2 0 6 0 7 0 0 0 1 0 8 0 
874
mig
5
10 0
2 0 3 0 4 0 1 1 2 0 5 0 1 0 6 0 7 0 0 0 6 0 7 1 6 1 8 0 9 0 
874
mig
5
10 0
2 0 3 0 4 0 1 1 2 0 5 0 0 0 6 0 7 1 1 0 6 0 7 1 1 0 8 0 9 1 
875
mig
5
10 0
0 1 3 0 4 0 2 1 5 0 6 0 0 0 5 0 7 1 3 0 4 0 7 1 1 0 8 0 9 0 
875
mig
5
10 0
3 0 4 0 5 0 0 0 2 0 6 1 0 0 5 0 7 0 3 0 4 0 7 0 1 0 8 0 9 0 
878
mig
5
10 0
1 1 2 0 5 0 1 0 4 0 6 0 2 0 3 0 4 0 0 0 6 1 8 0 4 1 7 0 9 0 
879
mig
5
10 0
1 0 2 1 5 0 2 1 4 0 6 0 3 0 4 0 6 1 0 0 1 0 8 0 6 0 7 1 9 0 
878
mig
5
10 0
1 1 2 0 5 0 2 0 3 0 4 0 1 1 4 0 6 0 0 0 6 1 7 0 6 0 8 1 9 0 
879
mig
5
10 0
0 1 3 0 5 0 2 0 4 0 6 0 0 0 1 0 7 0 3 0 4 1 6 0 6 1 8 0 9 0 
893
mig
5
10 0
1 0 2 1 5 0 3 0 4 1 6 0 1 0 3 1 7 0 2 0 4 0 7 0 0 0 8 0 9 0 
893
mig
5
10 0
1 0 2 1 5 0 3 0 4 1 6 0 2 0 4 0 7 0 1 0 3 1 7 0 0 0 8 0 9 0 
895
mig
4
9 0
2 0 3 0 4 0 1 1 2 0 5 0 0 0 6 1 7 0 1 0 6 0 8 0 
960
mig
4
9 0
2 0 3 0 4 0 0 0 2 1 6 0 1 0 2 0 7 0 6 1 7 0 8 0 
961
mig
5
10 0
0 0 2 0 4 1 2 0 5 1 6 0 1 1 3 0 7 0 0 0 3 0 4 0 6 0 8 1 9 0 
963
mig
4
9 0
0 0 2 0 4 1 1 0 3 0 6 0 0 0 3 0 4 0 3 1 7 0 8 0 
895
mig
4
9 0
0 0 2 1 5 0 2 0 3 0 4 0 5 0 6 1 7 0 0 0 1 0 8 0 
965
mig
5
10 0
0 1 3 0 4 0 1 0 2 1 5 0 0 0 3 0 7 0 1 0 2 0 4 0 6 1 8 0 9 0 
960
mig
4
9 0
2 0 3 0 4 1 0 0 3 1 6 0 1 0 3 0 6 0 6 1 7 0 8 0 
961
mig
5
10 0
0 0 2 0 4 1 0 0 3 0 4 0 2 0 5 1 6 0 1 1 3 0 8 0 6 0 7 0 9 1 
963
mig
4
9 0
0 0 2 0 3 1 1 0 4 0 6 0 0 0 3 0 4 0 4 1 7 0 8 0 
966
mig
5
10 0
0 1 2 0 3 0 2 0 3 1 5 0 1 1 4 0 7 0 4 0 6 0 7 0 0 0 8 1 9 0 
967
mig
5
10 0
0 0 3 0 4 0 0 0 2 0 4 1 1 0 6 0 7 0 5 0 6 0 8 0 3 1 8 0 9 0 
975
mig
3
8 0
1 0 2 0 4 0 1 0 3 0 4 1 0 0 6 0 7 0 
965
mig
5
10 0
1 0 3 1 5 0 0 0 2 0 6 0 0 0 3 0 4 0 1 1 2 0 4 0 7 0 8 0 9 1 
980
mig
5
10 0
0 0 3 0 4 1 3 0 4 0 5 1 1 1 2 0 7 0 2 0 3 0 6 1 0 0 8 1 9 0 
966
mig
5
10 0
2 0 3 1 5 0 1 0 4 0 6 0 0 1 2 0 3 0 4 0 6 0 8 1 0 0 7 0 9 1 
981
mig
5
10 0
2 0 3 0 4 0 1 0 2 0 6 1 5 0 6 1 7 0 0 0 2 0 8 0 1 0 7 1 9 0 
967
mig
5
10 0
1 0 3 1 5 0 0 1 3 0 4 0 0 0 2 0 6 0 1 0 4 0 8 0 3 0 7 1 9 0 
975
mig
3
8 0
1 0 2 0 4 0 1 0 3 0 4 1 0 0 6 0 7 0 
980
mig
5
10 0
3 0 4 0 5 1 2 0 3 1 4 0 1 0 2 1 6 0 0 0 4 0 7 1 1 0 8 1 9 0 
981
mig
5
10 0
2 0 3 0 4 0 0 0 2 0 6 1 2 0 5 1 7 0 1 0 6 0 8 0 7 0 8 1 9 0 
983
mig
4
9 0
0 0 3 0 4 0 3 0 4 0 5 1 0 0 2 0 7 1 1 0 6 0 8 0 
983
mig
4
9 0
3 0 4 0 5 1 0 0 2 0 6 1 0 0 3 0 4 0 1 0 7 0 8 0 
987
mig
5
10 0
2 1 3 0 5 0 0 0 3 0 4 0 2 0 4 1 5 0 0 0 6 1 8 0 1 0 7 0 9 0 
987
mig
5
10 0
0 0 3 0 4 0 2 0 4 1 5 0 2 1 3 0 5 0 0 0 7 0 8 1 1 0 6 0 9 0 
988
mig
5
10 0
0 0 3 0 4 0 4 0 5 1 6 0 1 0 2 0 6 0 0 0 7 1 8 0 2 1 8 0 9 0 
988
mig
5
10 0
1 1 3 0 4 0 1 0 2 0 6 0 4 0 5 1 6 0 1 1 2 0 8 0 0 0 7 0 9 1 
989
mig
5
10 0
2 0 3 0 4 0 1 0 2 1 5 0 0 0 6 0 7 0 1 0 2 1 4 0 1 0 8 0 9 1 
989
mig
5
10 0
1 0 2 1 5 0 0 0 3 0 4 0 1 0 2 0 7 0 0 0 4 0 6 0 4 1 8 0 9 0 
991
mig
4
9 0
1 0 4 1 5 0 0 0 3 0 4 0 0 0 2 0 6 0 1 0 7 0 8 0 
1020
mig
4
9 0
1 1 3 0 4 0 0 0 2 0 6 1 1 0 2 0 6 1 1 0 7 0 8 1 
991
mig
4
9 0
1 0 4 1 5 0 0 0 2 0 6 0 0 0 3 0 4 0 1 0 7 0 8 0 
1020
mig
4
9 0
2 0 3 0 4 1 0 0 3 0 6 1 1 1 4 0 6 0 2 0 7 0 8 1 
1021
mig
5
10 0
1 0 2 1 5 0 1 1 3 0 4 0 1 0 2 1 7 0 0 0 6 0 7 0 1 0 8 1 9 0 
1023
mig
3
8 0
2 0 3 0 4 1 0 0 3 0 6 1 1 0 2 0 7 0 
1021
mig
5
10 0
1 1 3 0 4 0 1 0 2 0 6 0 1 0 2 1 5 0 0 0 7 0 8 0 6 1 7 0 9 0 
1023
mig
3
8 0
0 0 1 0 2 0 1 0 3 0 4 1 4 0 6 0 7 0 
1632
mig
5
10 0
2 1 4 0 5 0 3 1 4 0 5 0 0 0 6 1 7 0 1 0 6 0 8 0 7 1 8 0 9 0 
1632
mig
5
10 0
1 1 4 0 5 0 2 0 3 0 6 1 0 1 4 0 5 0 2 0 3 0 8 1 0 0 7 0 9 1 
1634
mig
5
10 0
2 0 3 0 5 1 1 1 4 0 5 0 4 1 6 0 7 0 2 0 3 0 7 1 0 0 8 1 9 0 
1635
mig
5
10 0
2 0 3 0 5 1 1 0 4 1 6 0 2 0 3 0 7 0 0 0 4 0 7 0 6 1 8 0 9 0 
1638
mig
4
9 0
1 1 4 0 5 0 2 0 3 0 6 1 4 0 5 0 7 0 0 0 6 1 8 0 
1634
mig
5
10 0
1 0 4 0 5 0 2 0 3 0 4 0 2 0 3 0 6 0 5 0 6 1 7 0 0 0 8 0 9 1 
1639
mig
5
10 0
0 0 1 0 3 0 1 1 4 0 5 0 2 0 6 0 7 1 0 1 4 0 5 0 0 0 8 0 9 0 
1635
mig
5
10 0
2 0 3 0 5 1 0 0 4 0 6 1 1 0 4 0 6 1 2 0 3 0 7 1 0 0 8 0 9 0 
1638
mig
4
9 0
1 0 2 0 3 0 4 0 5 0 6 1 1 0 4 0 5 0 0 0 7 1 8 0 
1639
mig
5
10 0
1 1 4 0 5 0 0 0 1 0 2 0 3 0 6 1 7 0 4 0 5 0 6 1 0 0 8 0 9 0 
1647
mig
5
10 0
0 0 1 0 3 0 0 0 4 0 5 1 1 0 4 0 5 1 1 0 7 0 8 1 2 0 6 0 9 0 
1647
mig
5
10 0
0 1 4 0 5 0 1 1 4 0 5 0 0 0 1 0 3 0 0 0 6 0 7 1 2 0 8 0 9 0 
1651
mig
5
10 0
2 0 3 0 5 1 3 0 4 1 6 0 1 0 2 0 7 0 1 0 4 0 6 1 0 0 8 0 9 0 
1654
mig
5
10 0
1 0 2 0 3 0 4 0 5 0 6 0 3 0 5 0 6 1 1 1 4 0 8 0 0 0 7 0 9 1 
1655
mig
4
9 0
1 0 4 0 5 0 3 1 4 0 5 0 1 0 2 0 7 1 0 0 6 0 8 0 
1656
mig
5
10 0
0 1 4 0 5 0 2 0 4 0 5 0 1 1 3 0 7 0 2 0 3 0 6 0 0 0 8 1 9 0 
1651
mig
5
10 0
2 0 3 0 5 1 3 0 4 1 6 0 1 0 4 0 6 1 1 0 2 0 7 0 0 0 8 0 9 0 
1654
mig
5
10 0
1 0 2 0 3 0 3 0 5 0 6 1 4 0 6 1 7 0 1 0 4 0 5 0 0 0 8 1 9 0 
1655
mig
4
9 0
3 1 4 0 5 0 1 0 2 0 6 1 1 0 4 0 5 0 0 0 7 0 8 0 
1656
mig
5
10 0
0 1 4 0 5 0 2 0 4 0 5 0 1 1 3 0 7 0 2 0 3 0 6 0 0 0 8 1 9 0 
1662
mig
5
10 0
1 0 4 0 5 0 4 0 5 0 6 1 2 0 3 0 6 0 1 1 3 0 7 0 0 0 8 0 9 1 
1663
mig
5
10 0
0 1 2 0 4 0 3 1 5 0 6 0 1 0 4 0 5 0 0 0 1 0 2 0 7 1 8 0 9 0 
1680
mig
5
10 0
1 1 2 0 3 0 3 0 4 0 5 0 4 0 5 0 7 1 2 0 7 0 8 1 0 0 6 1 9 0 
1686
mig
5
10 0
3 0 4 0 5 0 4 0 5 0 6 1 1 0 2 1 3 0 6 1 7 0 8 0 0 0 1 0 9 1 
1695
mig
4
9 0
2 0 4 1 5 0 3 0 4 1 5 0 3 0 6 0 7 1 0 0 1 0 8 0 
1718
mig
5
10 0
3 1 4 0 5 0 0 0 2 0 3 1 0 0 5 0 6 1 4 0 6 1 7 0 1 0 8 0 9 0 
1723
mig
5
10 0
0 0 2 1 3 0 4 0 5 0 6 1 2 0 4 0 7 1 0 0 5 0 7 1 1 0 8 0 9 0 
1727
mig
5
10 0
3 1 4 0 5 0 0 0 1 0 2 0 0 0 5 0 6 1 1 0 4 0 8 0 6 1 7 0 9 0 
1776
mig
5
10 0
1 0 2 0 3 0 2 1 4 0 5 0 4 0 5 0 6 1 3 0 7 1 8 0 0 0 6 0 9 1 
1782
mig
5
10 0
3 0 4 0 5 1 0 0 4 0 5 1 0 0 2 0 3 1 1 0 3 0 8 0 6 1 7 0 9 0 
1783
mig
5
10 0
3 0 4 0 5 1 1 1 5 0 6 0 2 0 3 0 7 1 1 0 4 0 6 1 0 0 8 0 9 0 
1791
mig
4
9 0
0 0 1 0 2 0 3 1 4 0 5 0 1 0 4 0 5 0 6 0 7 1 8 0 
1911
mig
4
9 0
0 0 2 0 3 1 1 0 3 0 6 0 0 0 4 1 5 0 4 0 7 0 8 0 
1912
mig
5
10 0
0 1 4 0 5 0 2 0 3 0 6 1 2 0 3 0 7 1 1 1 6 0 7 0 0 0 8 0 9 1 
1914
mig
5
10 0
0 1 4 0 5 0 2 0 3 0 6 0 1 1 2 0 5 0 1 1 3 0 8 0 0 0 7 0 9 1 
1915
mig
5
10 0
2 0 3 0 5 1 1 0 4 0 6 1 1 0 5 1 7 0 2 0 3 0 7 0 0 0 8 0 9 0 
1918
mig
5
10 0
1 1 2 0 3 0 4 0 5 0 6 1 1 1 6 0 7 0 2 0 3 0 7 0 0 0 8 1 9 0 
1919
mig
3
8 0
0 1 4 0 5 0 2 0 3 0 6 0 0 0 1 0 7 0 
1968
mig
5
10 0
2 0 3 0 5 0 3 0 4 1 6 0 0 0 2 1 6 0 1 0 2 0 3 0 7 1 8 0 9 0 
1969
mig
5
10 0
0 0 2 1 3 0 1 0 2 0 6 0 4 0 5 0 6 0 0 1 3 0 5 0 7 0 8 0 9 1 
1971
mig
5
10 0
2 0 3 0 5 0 0 0 2 1 3 0 4 0 6 0 7 0 0 0 2 0 6 1 1 0 8 0 9 0 
1973
mig
5
10 0
2 0 3 0 5 0 0 0 2 0 6 1 1 0 5 0 6 1 3 0 4 0 6 0 7 0 8 0 9 0 
1975
mig
5
10 0
3 0 4 1 5 0 0 0 3 0 5 0 0 0 2 0 3 1 1 0 3 0 8 0 6 1 7 0 9 0 
1983
mig
4
9 0
2 0 3 0 5 1 2 0 4 0 6 0 0 0 3 0 6 1 1 0 7 0 8 0 
2016
mig
5
10 0
2 1 4 0 5 0 1 0 2 0 6 0 3 0 6 1 7 0 2 0 3 0 7 1 0 0 8 0 9 1 
2017
mig
5
10 0
2 1 4 0 5 0 1 0 3 1 6 0 2 1 6 0 7 0 0 0 3 1 8 0 0 0 7 0 9 1 
2019
mig
5
10 0
2 1 4 0 5 0 2 0 3 1 4 0 1 0 3 0 6 1 1 0 6 0 7 0 0 0 8 0 9 0 
2023
mig
5
10 0
3 0 4 0 5 0 0 0 3 0 6 0 0 0 2 0 3 1 1 0 7 0 8 0 6 1 7 0 9 0 
2025
mig
5
10 0
3 0 4 0 5 0 2 1 4 0 5 0 0 0 2 0 6 1 0 0 3 0 7 0 1 0 8 0 9 0 
2027
mig
5
10 0
3 0 4 0 5 0 2 1 4 0 6 0 0 0 3 0 7 0 0 0 2 0 6 1 1 0 8 0 9 0 
2031
mig
4
9 0
2 1 4 0 5 0 1 0 3 0 6 1 1 0 2 0 6 0 0 0 7 0 8 0 
2032
mig
5
10 0
3 0 4 0 5 0 0 0 2 0 3 1 0 0 3 0 6 0 1 0 7 0 8 0 2 1 7 0 9 0 
2033
mig
4
9 0
2 1 4 0 5 0 1 0 2 0 3 0 1 0 3 1 6 0 0 0 7 0 8 0 
2034
mig
5
10 0
3 0 4 1 5 0 2 0 3 0 5 1 1 1 6 0 7 0 1 0 2 0 3 0 0 0 8 1 9 0 
2035
mig
5
10 0
1 0 2 0 3 0 2 0 5 1 6 0 1 0 4 0 7 1 0 0 3 0 8 0 3 1 6 0 9 0 
2039
mig
4
9 0
1 0 2 0 3 0 0 1 4 0 5 0 1 0 3 1 7 0 0 0 6 0 8 0 
2040
mig
5
10 0
0 0 4 1 5 0 3 0 4 0 6 0 0 0 2 1 7 0 1 0 7 1 8 0 2 0 8 0 9 0 
2042
mig
5
10 0
1 1 3 0 5 0 3 0 4 0 6 0 0 0 2 1 7 0 1 0 2 1 6 0 1 0 8 0 9 1 
2043
mig
5
10 0
2 0 3 0 5 1 1 0 4 0 6 1 0 0 3 0 7 0 1 1 5 0 6 0 2 0 8 0 9 1 
2046
mig
5
10 0
2 1 4 0 5 0 1 1 3 0 6 0 0 0 2 1 7 0 1 0 2 1 7 0 1 0 8 0 9 1 
2047
mig
4
9 0
1 0 4 1 5 0 3 0 5 0 6 1 0 0 2 1 7 0 1 0 2 0 8 0 
4080
mig
3
8 0
1 0 2 0 3 0 0 0 3 1 6 0 2 1 6 0 7 0 
4081
mig
5
10 0
2 1 4 0 5 0 0 0 3 0 6 1 1 1 2 0 7 0 1 0 2 0 3 0 0 0 8 1 9 0 
4083
mig
4
9 0
0 0 2 1 3 0 3 0 4 1 6 0 1 1 2 0 7 0 2 0 6 0 8 1 
4086
mig
5
10 0
3 0 4 1 5 0 2 0 4 0 5 1 0 0 2 1 3 0 1 1 6 0 7 0 2 0 8 0 9 1 
4087
mig
5
10 0
0 0 2 0 3 1 2 0 4 1 5 0 1 0 3 0 6 0 5 0 6 0 7 0 7 1 8 0 9 0 
4095
mig
2
7 0
0 0 2 0 3 1 1 0 3 0 6 0 
5736
mig
6
11 0
2 0 3 0 4 1 4 0 5 0 6 0 2 0 3 0 6 1 0 0 7 1 8 0 1 0 7 0 8 0 8 1 9 0 10 0 
5737
mig
7
12 0
2 0 3 0 5 0 2 0 3 0 5 1 5 0 6 1 7 0 0 0 6 0 8 1 1 0 4 0 9 0 0 0 4 0 8 0 4 1 10 0 11 0 
5738
mig
6
11 0
2 0 3 1 4 0 3 0 5 0 6 0 2 0 4 0 6 1 0 0 7 0 8 1 1 0 8 0 9 0 5 1 9 0 10 0 
5739
mig
6
11 0
2 0 3 0 4 0 2 0 3 0 6 1 1 0 5 0 6 0 4 0 6 1 7 0 1 0 5 1 9 0 0 0 8 0 10 0 
5742
mig
6
11 0
0 1 4 0 5 0 2 0 3 0 6 0 4 0 5 0 6 1 1 1 7 0 8 0 0 0 7 0 9 1 8 0 9 1 10 0 
5743
mig
6
11 0
2 0 3 0 5 1 2 0 3 0 6 1 1 0 4 0 7 0 4 0 5 1 7 0 1 0 6 0 9 1 0 0 8 0 10 0 
5758
mig
6
11 0
3 0 4 0 5 1 2 0 5 0 6 0 3 0 4 0 6 1 0 1 7 0 8 0 1 1 5 0 6 0 0 0 9 0 10 1 
5759
mig
6
11 0
0 0 3 0 5 1 1 0 3 1 6 0 5 0 6 0 7 0 2 0 4 0 8 0 0 1 4 0 7 0 1 0 9 0 10 1 
5761
mig
7
12 0
1 0 2 0 5 1 3 0 4 1 6 0 0 0 2 0 5 1 1 0 6 1 8 0 4 0 7 0 9 0 3 0 7 1 8 0 0 0 10 0 11 1 
5763
mig
6
11 0
2 0 3 0 5 0 2 0 4 0 6 1 1 0 2 0 5 1 4 0 7 1 8 0 3 0 7 0 9 1 0 0 1 0 10 0 
5766
mig
6
11 0
1 0 2 1 3 0 1 0 3 0 6 1 3 0 4 1 5 0 5 0 7 0 8 1 4 0 6 1 8 0 0 0 9 0 10 1 
5767
mig
6
11 0
0 0 2 1 5 0 2 0 3 1 5 0 4 1 6 0 7 0 4 0 5 1 7 0 3 0 8 0 9 0 0 0 1 0 10 0 
5769
mig
7
12 0
2 0 4 0 5 0 2 1 4 0 5 0 2 0 6 1 7 0 1 0 3 0 7 1 0 0 8 0 9 0 1 0 8 0 9 1 8 1 10 0 11 0 
5771
mig
6
11 0
0 0 2 1 5 0 3 0 4 0 6 0 2 0 4 0 5 1 0 0 3 1 7 0 4 1 7 0 8 0 1 0 9 0 10 0 
5774
mig
6
11 0
2 0 4 0 5 1 1 0 5 0 6 0 3 0 4 0 6 1 0 0 3 1 8 0 4 0 5 0 8 1 7 0 9 0 10 1 
5775
mig
6
11 0
3 0 4 0 5 0 1 1 3 0 6 0 2 0 4 1 7 0 2 0 5 0 7 0 6 0 8 0 9 1 0 0 1 0 10 0 
5782
mig
6
11 0
3 0 4 0 5 0 0 0 1 0 6 0 1 0 2 0 3 0 0 0 5 1 8 0 3 1 4 0 9 0 4 1 7 0 10 0 
5783
mig
5
10 0
2 0 3 1 4 0 4 0 5 1 6 0 3 0 4 1 7 0 5 0 7 0 8 0 0 0 1 0 9 0 
5784
mig
6
11 0
2 0 4 0 5 0 0 0 3 0 6 0 3 0 4 0 5 0 1 0 2 1 6 0 7 0 8 1 9 0 0 0 1 0 10 1 
5785
mig
6
11 0
1 0 2 0 3 1 4 0 5 0 6 0 4 0 5 0 7 1 6 0 7 1 8 0 2 0 8 0 9 0 0 0 1 0 10 0 
5786
mig
6
11 0
3 0 4 0 5 0 1 0 2 0 6 0 2 0 4 0 5 0 0 0 7 0 8 1 1 1 3 0 5 0 6 0 9 0 10 1 
5787
mig
6
11 0
2 0 3 0 4 1 1 0 2 0 3 1 4 0 5 1 7 0 5 0 6 1 7 0 5 0 8 0 9 1 0 0 1 0 10 0 
5790
mig
6
11 0
1 0 2 1 5 0 3 0 4 0 5 1 1 0 4 0 6 1 1 1 5 0 7 0 3 0 7 1 8 0 0 0 9 1 10 0 
5791
mig
6
11 0
0 0 1 0 4 0 3 0 5 0 6 0 2 0 5 0 6 1 0 0 3 1 5 0 1 0 8 0 9 0 5 1 7 0 10 0 
5801
mig
7
12 0
0 0 3 0 5 0 1 1 3 0 4 0 4 0 5 0 7 0 2 1 6 0 8 0 2 0 5 1 7 0 0 0 1 0 10 0 7 1 9 0 11 0 
5803
mig
6
11 0
3 0 4 0 5 0 1 1 3 0 4 0 2 0 5 1 7 0 0 0 1 0 8 0 6 0 7 1 9 0 2 1 9 0 10 0 
5804
mig
6
11 0
0 0 2 1 4 0 1 1 3 0 4 0 3 0 5 0 6 0 1 0 2 0 8 0 0 0 5 1 9 0 7 1 8 0 10 0 
5805
mig
6
11 0
1 1 3 0 4 0 2 0 5 1 6 0 0 0 1 0 7 0 0 0 2 1 4 0 3 0 5 0 9 0 6 1 8 0 10 0 
5806
mig
6
11 0
2 0 3 0 5 0 0 0 1 0 3 0 4 0 5 0 7 1 0 0 4 0 6 1 1 0 2 0 5 0 8 1 9 0 10 0 
5807
mig
6
11 0
1 1 3 0 4 0 2 0 5 1 6 0 0 0 1 0 7 0 2 1 4 0 6 0 3 0 5 0 9 0 6 1 8 0 10 0 
5820
mig
6
11 0
0 1 2 0 5 0 3 0 4 0 6 1 4 0 5 1 6 0 3 0 7 1 8 0 1 1 6 0 7 0 0 0 9 0 10 1 
5821
mig
6
11 0
1 1 3 0 4 0 2 0 5 0 6 1 1 0 2 1 7 0 3 0 4 1 5 0 3 0 7 0 9 1 0 0 8 0 10 0 
5822
mig
5
10 0
1 0 2 0 5 0 3 1 4 0 5 0 4 0 6 0 7 1 1 1 3 0 7 0 0 0 8 0 9 1 
5823
mig
5
10 0
3 0 4 0 5 0 1 1 3 0 4 0 2 0 5 1 7 0 0 0 1 0 8 0 6 0 7 1 9 0 
5865
mig
7
12 0
1 0 3 0 5 1 3 1 4 0 5 0 4 0 5 0 7 1 6 0 7 0 8 1 1 0 2 1 9 0 0 0 2 0 9 0 9 1 10 0 11 0 
5866
mig
5
10 0
3 0 4 0 5 0 2 0 3 0 4 0 1 1 5 0 7 0 1 0 2 0 6 0 0 0 8 1 9 0 
5867
mig
6
11 0
2 0 3 0 4 0 1 1 5 0 6 0 0 0 1 0 2 0 0 0 5 0 6 1 3 0 4 0 9 0 7 1 8 0 10 0 
5870
mig
6
11 0
0 1 2 0 3 0 0 0 4 0 5 0 3 0 4 0 5 0 1 1 6 0 7 0 0 0 2 1 8 0 2 0 9 1 10 0 
5871
mig
6
11 0
1 1 4 0 5 0 0 0 3 1 6 0 0 0 2 1 4 0 3 0 5 0 8 0 1 0 2 0 7 0 6 1 9 0 10 0 
5886
mig
5
10 0
3 0 4 0 5 0 1 0 2 0 6 0 3 0 4 1 5 0 1 1 4 0 8 0 0 0 7 0 9 1 
5887
mig
5
10 0
3 0 4 0 5 1 0 0 1 0 2 0 1 1 5 0 6 0 3 0 4 0 6 1 7 0 8 1 9 0 
6014
mig
7
12 0
2 0 3 0 4 0 1 0 5 0 6 1 3 0 4 0 6 1 2 0 7 0 8 0 2 0 5 1 8 0 0 0 9 0 10 1 1 0 7 1 11 0 
6015
mig
5
10 0
0 0 1 0 5 0 0 0 2 1 3 0 1 0 2 0 7 0 3 0 4 0 7 1 6 0 8 0 9 0 
6017
mig
7
12 0
0 1 3 0 5 0 1 0 2 1 4 0 1 0 6 1 7 0 0 0 2 1 4 0 3 0 5 0 9 0 0 0 8 0 10 0 7 1 8 0 11 0 
6019
mig
5
10 0
0 1 3 0 4 0 2 0 5 1 6 0 3 0 4 0 7 1 0 0 6 1 7 0 1 0 8 0 9 0 
6023
mig
6
11 0
1 0 2 1 3 0 3 0 4 0 5 0 1 0 5 0 6 1 5 1 7 0 8 0 1 0 4 1 6 0 0 0 9 0 10 0 
6025
mig
6
11 0
0 0 2 0 5 1 0 0 4 0 6 1 0 0 2 1 5 0 3 0 7 0 8 0 1 0 6 0 9 0 4 1 7 0 10 0 
6027
mig
5
10 0
1 0 2 1 5 0 0 1 4 0 6 0 0 0 2 1 5 0 3 0 4 0 8 0 1 0 7 1 9 0 
6030
mig
5
10 0
0 0 1 0 3 0 4 0 5 0 6 1 1 0 2 0 4 0 0 0 2 1 5 0 7 1 8 0 9 0 
6031
mig
5
10 0
0 0 2 0 5 1 2 1 4 0 6 0 0 0 6 0 7 1 3 0 5 0 7 0 1 0 8 0 9 0 
6038
mig
6
11 0
3 0 4 0 5 1 2 0 5 1 6 0 1 1 5 0 7 0 0 0 6 1 7 0 3 0 4 0 6 1 8 1 9 0 10 0 
6039
mig
5
10 0
2 0 4 1 5 0 3 0 4 0 5 0 1 0 3 0 6 1 0 1 5 0 8 0 1 0 7 0 9 1 
6040
mig
6
11 0
3 0 4 1 5 0 0 1 4 0 5 0 1 0 2 0 3 1 5 1 6 0 8 0 0 0 2 0 7 1 1 0 9 1 10 0 
6041
mig
5
10 0
0 1 4 0 5 0 0 0 2 1 3 0 0 0 2 0 6 1 4 0 5 0 7 0 1 0 8 0 9 0 
6042
mig
6
11 0
3 0 4 0 5 0 1 1 3 0 5 0 0 0 2 0 7 1 0 1 4 0 5 0 1 1 2 0 9 0 6 0 8 0 10 1 
6043
mig
5
10 0
0 0 2 0 4 1 0 0 5 0 6 1 3 0 4 0 5 0 1 0 6 0 8 0 5 1 7 0 9 0 
6046
mig
6
11 0
2 0 4 0 5 1 3 1 5 0 6 0 4 0 5 0 7 1 1 1 3 0 7 0 0 0 4 1 6 0 8 0 9 1 10 0 
6047
mig
4
9 0
3 0 4 0 5 0 0 0 2 0 5 1 0 0 4 1 7 0 1 0 6 0 8 0 
6057
mig
6
11 0
1 0 2 0 5 1 3 0 4 0 6 1 2 1 5 0 6 0 0 0 7 1 8 0 1 0 7 1 8 0 0 0 9 1 10 0 
6059
mig
5
10 0
1 0 2 0 5 1 3 0 4 0 6 1 1 0 2 1 5 0 0 0 7 1 8 0 0 0 1 0 9 1 
6060
mig
6
11 0
0 0 2 0 5 1 3 0 4 0 5 0 1 0 6 1 7 0 2 0 4 0 7 1 0 0 7 0 9 1 1 0 8 1 10 0 
6061
mig
6
11 0
0 0 2 0 5 1 3 0 4 0 5 0 2 0 3 1 6 0 1 0 6 1 7 0 0 0 7 0 8 1 1 0 9 1 10 0 
6062
mig
5
10 0
3 0 4 0 5 0 1 1 2 0 4 0 0 0 6 0 7 1 1 0 2 1 5 0 1 0 8 0 9 1 
6063
mig
4
9 0
0 0 2 1 4 0 3 0 5 0 6 0 0 0 2 0 5 1 1 0 7 0 8 0 
6076
mig
6
11 0
2 0 3 1 4 0 0 0 3 0 6 1 1 1 3 0 6 0 0 0 2 0 5 1 4 0 5 0 7 0 8 1 9 0 10 0 
6077
mig
5
10 0
3 0 4 0 5 0 1 0 2 1 5 0 1 0 6 0 7 1 0 0 7 0 8 0 6 1 8 0 9 0 
6078
mig
6
11 0
2 1 3 0 4 0 1 1 2 0 6 0 3 0 4 0 5 0 1 0 2 0 5 0 0 0 5 1 9 0 7 1 8 0 10 0 
6079
mig
4
9 0
1 0 2 0 5 0 3 0 4 0 5 0 0 0 1 0 7 0 5 1 6 0 8 0 
6120
mig
4
9 0
3 0 4 0 5 0 0 0 2 1 6 0 1 0 2 1 6 0 1 0 7 0 8 1 
6121
mig
6
11 0
3 0 4 0 5 0 3 0 4 1 5 0 0 0 2 0 6 1 2 1 4 0 7 0 1 0 6 0 9 1 8 0 9 0 10 0 
6122
mig
5
10 0
3 0 4 0 5 0 0 0 2 0 6 1 1 0 6 0 7 0 5 1 7 0 8 0 2 1 8 0 9 0 
6123
mig
5
10 0
3 0 4 0 5 0 2 1 3 0 4 0 0 0 2 0 6 1 1 1 6 0 7 0 1 0 8 0 9 0 
6126
mig
5
10 0
0 0 2 1 3 0 4 0 5 0 6 0 1 0 2 0 7 1 0 0 2 0 7 1 1 0 8 1 9 0 
6127
mig
5
10 0
3 0 4 0 5 0 1 0 3 0 6 1 1 0 2 0 6 0 0 0 2 0 7 0 2 1 8 0 9 0 
6142
mig
5
10 0
1 0 2 0 3 1 4 0 5 0 6 1 3 0 6 0 7 1 0 0 2 0 7 1 1 0 8 1 9 0 
6143
mig
3
8 0
3 0 4 0 5 0 0 1 2 0 6 0 0 0 1 0 7 0 
6375
mig
5
10 0
3 0 4 0 5 0 2 0 3 0 6 1 2 0 3 0 7 1 6 0 7 0 8 1 0 0 1 0 9 0 
6383
mig
5
10 0
3 0 4 0 5 0 1 0 2 0 6 1 2 0 3 0 6 1 0 1 3 0 7 0 1 0 8 0 9 1 
6399
mig
4
9 0
3 0 4 0 5 0 0 0 3 0 6 1 2 0 3 1 6 0 1 0 7 0 8 0 
6625
mig
6
11 0
2 0 3 0 4 0 3 0 5 0 6 0 0 0 4 0 5 0 3 0 7 1 8 0 0 0 2 0 7 1 1 0 9 0 10 0 
6627
mig
7
12 0
2 0 4 1 5 0 0 0 4 0 5 0 1 0 2 1 3 0 0 0 7 1 8 0 2 0 3 0 4 1 6 0 9 0 10 1 0 0 1 0 11 1 
6630
mig
6
11 0
0 1 3 0 4 0 1 0 5 0 6 1 2 1 4 0 7 0 2 0 7 1 8 0 0 0 1 0 8 1 4 0 9 1 10 0 
6631
mig
6
11 0
2 1 3 0 5 0 0 0 3 0 5 1 4 0 6 1 7 0 4 0 5 1 6 0 2 0 8 1 9 0 0 0 1 0 10 0 
6633
mig
6
11 0
0 0 1 0 3 0 0 0 4 0 5 0 3 0 4 0 5 0 2 1 6 0 7 0 1 0 2 0 7 0 8 1 9 0 10 0 
6634
mig
6
11 0
1 0 2 1 3 0 2 0 3 0 4 1 2 0 4 1 5 0 0 0 5 0 8 1 5 0 6 0 7 1 1 0 9 0 10 1 
6635
mig
6
11 0
2 1 3 0 5 0 4 0 5 0 6 0 0 0 4 0 5 0 6 0 7 1 8 0 0 0 2 0 7 1 1 0 9 0 10 0 
6638
mig
6
11 0
2 1 4 0 5 0 4 0 5 0 6 1 2 0 3 1 6 0 0 0 2 1 7 0 1 0 3 0 8 0 6 1 9 0 10 0 
6639
mig
5
10 0
0 0 2 1 4 0 2 0 3 0 4 1 2 0 5 1 7 0 0 0 5 0 6 0 1 0 8 0 9 0 
6641
mig
6
11 0
2 1 3 0 4 0 1 0 2 1 3 0 0 0 5 1 6 0 4 0 7 0 8 1 0 0 4 0 8 1 1 0 9 1 10 0 
6643
mig
6
11 0
1 0 2 0 5 1 3 1 4 0 6 0 2 0 4 1 5 0 0 1 7 0 8 0 2 0 6 1 7 0 1 0 9 1 10 0 
6646
mig
6
11 0
1 0 3 1 4 0 2 1 5 0 6 0 2 0 4 0 5 0 1 1 2 0 3 0 7 0 8 1 9 0 0 0 1 0 10 1 
6647
mig
5
10 0
3 0 4 0 5 1 2 0 4 0 5 1 0 0 6 0 7 1 2 0 4 0 6 1 1 0 8 0 9 0 
6648
mig
6
11 0
0 0 2 1 5 0 0 1 4 0 5 0 1 1 3 0 7 0 4 0 6 0 7 1 1 0 2 0 3 0 8 1 9 0 10 0 
6649
mig
5
10 0
1 0 4 0 5 1 3 0 4 0 6 1 1 0 2 0 3 0 0 0 5 0 6 0 7 1 8 0 9 0 
6650
mig
6
11 0
2 0 4 0 5 0 2 0 3 0 4 1 1 0 6 1 7 0 3 0 5 0 8 1 0 0 7 0 9 1 1 0 8 1 10 0 
6651
mig
5
10 0
0 0 4 0 5 0 1 0 3 1 4 0 0 1 5 0 7 0 2 0 6 0 7 0 1 0 8 1 9 0 
6654
mig
6
11 0
2 0 4 0 5 0 2 0 3 0 5 1 0 0 5 1 7 0 1 1 4 0 7 0 0 0 1 0 6 0 8 0 9 1 10 0 
6655
mig
5
10 0
0 0 1 0 2 0 1 0 4 1 5 0 3 1 5 0 7 0 4 1 6 0 8 0 6 0 7 0 9 1 
7126
mig
6
11 0
2 0 4 1 5 0 1 0 2 0 4 0 3 0 4 0 5 1 0 0 7 0 8 1 1 0 3 0 6 0 6 1 9 0 10 0 
7127
mig
6
11 0
3 0 4 0 5 1 2 1 4 0 6 0 0 0 3 1 6 0 1 0 2 1 6 0 7 1 8 0 9 0 0 0 1 0 10 1 
7128
mig
5
10 0
2 1 3 0 5 0 2 0 4 1 5 0 0 0 6 1 7 0 1 0 6 1 7 0 1 0 8 0 9 1 
7129
mig
6
11 0
3 0 4 0 5 0 2 0 3 0 4 1 0 0 6 1 7 0 2 1 5 0 6 0 1 0 4 0 9 1 8 0 9 0 10 0 
7131
mig
5
10 0
0 0 2 0 3 1 0 1 4 0 5 0 1 0 3 0 5 0 1 0 4 0 6 0 7 1 8 0 9 0 
7134
mig
6
11 0
0 0 2 0 3 0 4 1 5 0 6 0 1 0 2 1 4 0 1 0 3 0 5 0 0 0 7 1 9 0 1 0 8 1 10 0 
7135
mig
5
10 0
1 0 4 0 5 1 0 0 5 0 6 0 3 0 6 0 7 0 2 0 4 1 7 0 1 0 8 0 9 0 
7140
mig
6
11 0
1 0 3 1 5 0 4 0 5 0 6 1 0 0 6 0 7 1 0 0 2 0 8 0 1 0 2 1 8 0 8 1 9 0 10 0 
7141
mig
6
11 0
1 0 4 0 5 1 0 1 3 0 5 0 2 1 3 0 5 0 0 0 6 0 8 0 2 1 6 0 7 0 1 0 9 0 10 1 
7143
mig
6
11 0
1 0 3 1 4 0 4 0 5 0 6 1 2 0 3 1 7 0 2 0 6 1 7 0 3 0 8 0 9 1 0 0 1 0 10 0 
7148
mig
6
11 0
1 0 3 1 4 0 1 0 2 0 6 1 3 0 4 0 5 0 0 0 7 1 8 0 2 1 6 0 8 0 1 0 9 0 10 1 
7149
mig
6
11 0
2 0 3 0 5 1 0 0 1 0 6 0 0 0 2 0 3 1 4 0 5 0 8 0 1 1 2 0 4 0 7 0 9 0 10 1 
7150
mig
5
10 0
0 0 4 0 5 0 1 0 3 1 5 0 0 0 2 0 6 1 2 0 6 1 7 0 1 0 8 0 9 1 
7151
mig
5
10 0
2 0 4 0 5 1 2 0 3 0 5 1 0 0 1 0 7 0 1 0 2 0 4 0 6 1 8 0 9 0 
7164
mig
6
11 0
0 0 4 0 5 0 1 0 2 1 3 0 0 0 3 0 5 1 2 1 6 0 8 0 2 1 4 0 7 0 1 0 9 0 10 1 
7165
mig
6
11 0
1 1 3 0 4 0 3 0 5 1 6 0 0 0 2 1 7 0 4 0 5 0 8 0 1 0 2 0 8 0 6 1 9 0 10 0 
7167
mig
4
9 0
2 0 4 0 5 0 2 0 3 0 5 1 0 0 6 1 7 0 1 0 6 0 8 0 
7905
mig
5
10 0
0 0 4 0 5 0 2 0 3 0 6 0 2 0 3 1 6 0 3 0 7 1 8 0 0 0 1 0 9 0 
7907
mig
6
11 0
2 0 3 0 4 0 1 1 4 0 5 0 2 0 3 0 7 1 4 1 6 0 7 0 7 0 8 0 9 1 0 0 1 0 10 0 
7910
mig
6
11 0
3 0 4 0 5 1 2 0 4 0 6 1 1 1 4 0 5 0 1 0 3 0 7 0 2 0 7 1 8 0 0 0 9 0 10 1 
7911
mig
6
11 0
2 0 3 1 4 0 1 1 4 0 5 0 2 0 5 0 6 1 2 0 3 0 7 1 5 0 8 1 9 0 0 0 1 0 10 0 
7913
mig
7
12 0
0 1 4 0 5 0 1 1 2 0 6 0 1 1 4 0 5 0 3 0 7 1 8 0 2 0 3 0 8 1 0 0 1 0 10 0 3 1 9 0 11 0 
7915
mig
6
11 0
1 1 2 0 5 0 0 0 4 0 5 0 2 0 3 0 7 1 0 0 1 0 8 0 3 1 6 0 7 0 6 1 9 0 10 0 
7918
mig
5
10 0
1 1 4 0 5 0 2 1 3 0 6 0 1 0 2 0 7 0 0 0 3 1 7 0 6 1 8 0 9 0 
7919
mig
5
10 0
1 1 4 0 5 0 1 0 3 0 6 1 0 1 2 0 7 0 2 0 3 0 6 1 1 0 8 1 9 0 
7921
mig
5
10 0
1 1 4 0 5 0 2 0 3 1 6 0 1 0 3 1 6 0 0 1 2 0 8 0 1 0 7 0 9 1 
7923
mig
6
11 0
1 0 2 0 5 0 0 0 4 0 6 0 0 0 3 0 7 1 2 1 3 0 7 0 1 0 2 0 8 0 3 1 9 0 10 0 
7926
mig
6
11 0
2 0 4 1 5 0 1 1 4 0 5 0 3 0 5 0 6 1 0 0 7 1 8 0 1 0 2 0 8 0 3 1 9 0 10 0 
7927
mig
5
10 0
1 0 2 0 3 1 2 0 4 0 5 0 0 1 6 0 7 0 2 0 3 1 7 0 1 0 8 1 9 0 
7929
mig
5
10 0
2 0 4 0 5 0 0 0 3 0 6 1 1 1 4 0 5 0 2 0 3 1 8 0 1 0 7 0 9 0 
7930
mig
5
10 0
2 0 4 0 5 0 1 0 2 1 5 0 0 0 3 0 6 1 3 0 6 1 7 0 1 0 8 0 9 1 
7931
mig
5
10 0
2 0 4 0 5 0 0 0 3 0 6 1 4 0 6 0 7 0 2 0 3 1 8 0 1 0 7 0 9 0 
7934
mig
5
10 0
0 0 4 0 5 0 2 0 3 1 6 0 1 0 3 0 7 0 0 0 3 1 6 0 6 1 8 0 9 0 
7935
mig
4
9 0
1 1 4 0 5 0 2 0 3 1 6 0 0 0 3 0 6 1 1 0 7 0 8 0 
8177
mig
4
9 0
1 1 4 0 5 0 2 0 3 1 6 0 0 0 2 1 3 0 1 0 7 0 8 0 
8178
mig
5
10 0
2 1 3 0 5 0 3 0 4 1 6 0 0 0 2 1 3 0 1 0 2 0 6 0 7 1 8 0 9 0 
8179
mig
5
10 0
0 0 2 1 3 0 1 0 3 0 5 0 4 0 6 0 7 0 1 0 2 0 6 0 3 1 8 0 9 0 
8182
mig
6
11 0
0 0 2 0 3 1 2 0 4 0 5 1 1 1 5 0 7 0 1 1 3 0 8 0 3 0 4 0 7 1 6 0 9 1 10 0 
8183
mig
4
9 0
0 0 2 0 3 1 3 0 4 0 5 0 2 1 3 0 7 0 1 0 6 0 8 0 
8184
mig
5
10 0
2 0 4 1 5 0 3 0 5 0 6 1 1 1 2 0 7 0 0 0 2 0 8 1 7 0 8 1 9 0 
8185
mig
5
10 0
3 0 4 0 5 0 0 0 2 1 3 0 4 0 5 0 7 0 2 0 6 1 7 0 1 0 8 0 9 0 
8186
mig
5
10 0
2 0 3 1 5 0 1 1 3 0 6 0 0 0 3 0 7 1 2 0 4 0 6 0 7 1 8 0 9 0 
8187
mig
5
10 0
1 1 2 0 5 0 0 0 2 0 3 1 4 0 5 0 7 0 1 0 3 0 7 0 6 1 8 0 9 0 
8190
mig
5
10 0
0 0 4 0 5 0 1 1 3 0 6 0 1 0 2 0 3 0 0 0 2 1 6 0 7 1 8 0 9 0 
8191
mig
4
9 0
3 0 4 0 5 0 0 1 2 0 6 0 0 0 3 1 7 0 1 0 3 0 8 0 
15555
mig
4
9 0
2 0 3 1 4 0 2 0 4 0 6 1 3 0 6 0 7 1 0 0 1 0 8 0 
15559
mig
6
11 0
0 0 2 0 5 0 1 0 4 0 6 0 2 0 3 0 4 1 0 0 1 0 8 0 2 1 3 0 7 0 3 1 9 0 10 0 
15567
mig
4
9 0
1 0 2 0 4 1 0 1 3 0 6 0 2 0 3 0 4 1 1 0 7 1 8 0 
15575
mig
5
10 0
1 0 2 1 5 0 2 0 3 0 4 1 3 0 4 1 6 0 6 0 7 0 8 1 0 0 1 0 9 0 
15579
mig
6
11 0
2 0 3 0 5 1 1 1 3 0 5 0 2 0 3 0 4 1 6 0 7 0 8 1 4 0 8 0 9 1 0 0 1 0 10 0 
15583
mig
5
10 0
2 0 3 0 5 1 2 0 3 0 4 1 3 0 6 0 7 1 0 0 4 0 8 1 1 0 7 0 9 0 
15615
mig
3
8 0
2 0 3 1 4 0 0 0 3 0 4 1 1 0 6 0 7 0 
15830
mig
7
12 0
2 0 3 0 4 0 2 0 3 0 4 1 1 0 5 0 6 1 4 0 7 0 8 1 4 0 7 0 9 1 8 0 9 0 10 1 0 0 1 0 11 1 
15831
mig
5
10 0
2 0 3 0 4 0 2 0 3 0 6 1 0 0 5 1 6 0 4 0 7 0 8 1 0 0 1 0 9 0 
15834
mig
6
11 0
2 0 3 0 5 1 2 0 3 0 4 1 1 0 5 0 7 1 0 0 1 0 8 1 1 0 4 0 7 0 6 1 9 0 10 0 
15835
mig
6
11 0
2 0 3 0 5 1 1 1 5 0 6 0 1 0 5 0 6 1 0 0 4 0 8 0 2 0 3 0 4 1 7 1 9 0 10 0 
15838
mig
6
11 0
0 0 4 0 5 0 1 0 2 0 4 1 0 0 3 0 6 1 2 0 4 1 8 0 3 0 6 1 7 0 1 0 9 0 10 1 
15839
mig
4
9 0
2 0 3 0 5 1 2 0 3 0 4 1 0 0 4 0 6 1 1 0 7 0 8 0 
15853
mig
6
11 0
2 1 3 0 4 0 0 0 4 0 5 0 0 0 2 0 7 1 1 0 6 0 8 0 3 1 4 0 7 0 4 1 9 0 10 0 
15855
mig
5
10 0
2 0 3 1 4 0 2 0 3 0 5 0 0 0 6 0 7 1 3 0 4 1 7 0 1 0 8 0 9 0 
15869
mig
5
10 0
1 0 2 1 4 0 3 1 4 0 6 0 1 0 3 1 5 0 0 0 4 0 8 0 1 0 7 1 9 0 
15870
mig
6
11 0
2 0 4 0 5 1 1 1 5 0 6 0 0 0 3 0 6 1 1 0 3 0 4 1 1 0 8 0 9 1 2 0 7 1 10 0 
15871
mig
4
9 0
2 0 3 0 4 1 1 0 3 1 5 0 0 0 4 0 7 0 1 0 6 0 8 0 
16380
mig
4
9 0
2 0 3 0 4 1 1 1 4 0 6 0 0 0 4 0 6 1 6 0 7 1 8 0 
16381
mig
5
10 0
2 1 3 0 4 0 1 0 2 0 6 0 1 0 5 0 6 1 0 0 7 0 8 0 2 1 7 0 9 0 
16383
mig
3
8 0
2 0 3 1 4 0 0 1 3 0 6 0 0 0 1 0 7 0 
27030
mig
6
11 0
2 0 3 0 4 0 2 0 3 0 4 1 4 0 6 1 7 0 1 1 5 0 8 0 0 0 5 0 9 1 8 0 9 1 10 0 
27031
mig
7
12 0
2 0 3 0 5 1 2 0 3 0 6 1 1 0 4 1 7 0 5 0 6 0 7 1 1 0 4 0 9 0 0 0 8 0 10 0 9 1 10 0 11 0 
27039
mig
7
12 0
0 1 2 0 3 0 1 0 4 1 5 0 0 0 4 1 5 0 6 0 7 1 8 0 2 0 3 0 9 1 1 0 7 1 8 0 9 1 10 0 11 0 
27071
mig
7
12 0
0 1 2 0 4 0 1 0 2 0 6 1 0 0 1 0 6 0 4 0 5 0 6 1 3 1 5 0 8 0 3 0 7 0 9 0 5 1 10 0 11 0 
27135
mig
5
10 0
3 0 4 1 5 0 3 0 4 0 5 0 4 0 6 0 7 1 0 1 2 0 8 0 0 0 1 0 9 0 
27581
mig
7
12 0
2 0 3 1 4 0 1 0 3 1 5 0 0 0 3 1 5 0 6 0 7 0 8 1 2 0 4 0 8 1 0 0 7 0 10 0 1 0 9 1 11 0 
27583
mig
6
11 0
3 1 4 0 5 0 1 0 4 0 6 1 0 1 2 0 7 0 3 0 4 0 5 1 2 0 7 0 9 0 1 0 8 1 10 0 
27606
mig
6
11 0
3 1 4 0 5 0 2 0 4 1 6 0 3 0 4 0 5 1 0 0 7 1 8 0 1 0 7 0 9 0 8 1 9 0 10 0 
27607
mig
6
11 0
0 1 2 0 5 0 0 0 1 0 4 0 3 0 6 0 7 0 2 0 5 0 8 1 3 0 6 1 7 0 1 0 9 0 10 0 
27615
mig
5
10 0
0 0 2 1 4 0 0 1 3 0 4 0 2 0 5 0 7 1 3 0 5 1 6 0 1 0 8 0 9 0 
27645
mig
5
10 0
3 0 4 0 5 1 2 0 4 1 5 0 2 0 3 1 7 0 0 0 2 1 6 0 1 0 8 0 9 0 
27647
mig
5
10 0
3 0 4 0 5 1 3 0 4 0 6 1 2 0 5 0 7 1 0 0 6 0 8 1 1 0 8 0 9 0 
28662
mig
5
10 0
3 0 4 0 5 1 2 0 4 1 5 0 1 0 6 0 7 0 0 0 7 1 8 0 6 1 8 0 9 0 
28663
mig
5
10 0
0 0 4 1 5 0 2 0 5 0 6 1 2 0 3 1 6 0 3 0 4 0 7 1 1 0 8 0 9 0 
28665
mig
5
10 0
3 0 4 1 5 0 0 0 2 0 3 1 3 0 4 0 5 1 2 1 6 0 8 0 1 0 7 0 9 0 
28667
mig
5
10 0
1 0 4 0 5 1 2 0 3 0 6 0 4 0 5 1 7 0 0 1 6 0 7 0 1 0 8 0 9 1 
28671
mig
4
9 0
2 0 4 0 5 1 3 0 4 1 5 0 0 0 1 0 6 0 1 0 7 0 8 0 
32511
mig
4
9 0
3 0 4 0 5 1 2 0 5 1 6 0 0 0 5 0 6 1 1 0 7 0 8 0 
32766
mig
5
10 0
2 1 3 0 4 0 1 1 2 0 6 0 1 0 5 0 6 0 0 0 2 0 5 1 7 1 8 0 9 0 
32767
mig
4
9 0
0 0 2 1 4 0 2 0 3 0 6 1 5 0 6 1 7 0 1 0 6 0 8 0 
65535
mig
2
7 0
1 0 2 1 3 0 1 0 3 1 6 0 
65814
mig
7
12 0
2 0 3 0 4 1 0 0 4 0 6 0 1 0 5 1 7 0 2 0 3 0 6 1 5 0 8 0 9 1 1 0 7 0 8 1 0 0 10 1 11 0 
65815
mig
5
10 0
1 0 2 1 3 0 1 0 3 0 6 1 2 0 6 0 7 1 4 0 5 0 8 0 0 0 7 0 9 0 
65816
mig
6
11 0
2 1 3 0 5 0 2 0 4 1 6 0 1 0 5 0 7 0 1 0 4 1 7 0 3 1 6 0 9 0 0 0 8 0 10 1 
65817
mig
5
10 0
3 0 4 0 5 1 1 0 2 1 4 0 1 0 5 0 7 1 2 0 6 0 7 0 0 0 8 0 9 0 
65818
mig
6
11 0
1 0 2 0 5 0 1 0 2 0 6 1 3 0 5 0 7 0 3 0 4 1 7 0 5 0 6 1 9 0 0 0 8 0 10 1 
65819
mig
5
10 0
2 0 3 0 5 0 1 0 5 0 6 0 1 0 2 0 3 0 4 0 5 1 8 0 0 0 7 0 9 0 
65822
mig
7
12 0
1 0 2 0 3 0 4 0 5 0 6 1 0 0 1 0 2 0 3 1 7 0 8 0 7 0 8 0 9 1 3 0 9 0 10 1 0 0 6 0 11 1 
65823
mig
5
10 0
1 0 2 0 3 0 4 0 5 1 6 0 0 0 5 0 7 0 1 0 2 1 3 0 2 0 8 0 9 0 
65832
mig
6
11 0
1 0 2 0 5 0 3 0 4 0 6 1 1 0 2 0 7 1 0 0 6 0 8 1 3 0 4 0 5 1 7 1 9 0 10 0 
65833
mig
5
10 0
0 0 3 0 5 1 1 0 2 0 5 0 3 0 4 0 5 1 4 0 6 0 7 1 0 0 8 0 9 1 
65835
mig
3
8 0
1 0 2 0 5 0 3 0 4 0 5 1 0 0 6 0 7 0 
65836
mig
6
11 0
2 0 3 0 4 1 1 0 5 1 6 0 1 1 4 0 6 0 3 0 4 0 7 0 2 1 7 0 8 0 0 0 9 0 10 1 
65837
mig
5
10 0
3 1 4 0 5 0 2 0 4 1 5 0 1 0 6 0 7 0 2 0 3 0 7 1 0 0 8 0 9 0 
65838
mig
6
11 0
1 0 2 0 5 0 1 0 2 0 3 1 3 0 4 0 7 0 5 0 7 0 8 1 0 0 6 0 9 1 4 1 8 0 10 0 
65839
mig
4
9 0
0 0 4 0 5 0 3 0 4 0 6 1 1 0 2 0 6 0 0 0 7 0 8 0 
65852
mig
6
11 0
0 0 3 0 4 0 1 0 2 0 6 0 1 0 2 0 5 1 3 0 4 0 7 0 0 0 6 1 9 0 7 0 8 1 10 0 
65853
mig
5
10 0
3 0 4 1 5 0 1 0 2 1 3 0 2 0 4 0 7 0 1 0 6 0 7 1 0 0 8 0 9 0 
65854
mig
7
12 0
0 0 1 0 2 0 1 0 2 0 5 0 4 1 5 0 6 0 3 1 4 0 8 0 0 0 6 1 7 0 3 1 4 0 10 0 6 0 9 1 11 0 
65855
mig
4
9 0
1 0 2 0 5 1 1 0 2 0 6 1 3 0 4 0 6 0 0 0 7 0 8 0 
65896
mig
7
12 0
2 0 3 0 4 1 3 0 5 1 6 0 1 0 4 0 6 0 3 0 4 1 5 0 1 0 2 1 5 0 7 0 9 1 10 0 0 0 8 0 11 1 
65897
mig
5
10 0
3 0 4 1 5 0 3 0 5 0 6 1 4 0 6 0 7 1 1 0 2 0 7 0 0 0 8 0 9 0 
65898
mig
7
12 0
3 0 4 1 5 0 1 0 2 1 5 0 0 0 2 0 6 0 1 0 4 0 8 0 3 0 8 0 9 1 6 1 7 0 10 0 0 0 9 0 11 1 
65899
mig
6
11 0
0 0 3 0 5 0 3 0 4 0 5 1 2 0 4 0 5 1 1 0 2 0 6 0 0 1 3 0 8 0 7 0 9 0 10 1 
65902
mig
7
12 0
1 0 2 0 4 0 0 0 1 0 2 0 0 0 6 0 7 1 4 1 5 0 8 0 3 0 4 0 9 1 5 0 7 1 10 0 9 0 10 0 11 1 
65903
mig
5
10 0
3 0 4 0 5 1 1 0 4 0 5 1 2 0 5 0 7 0 1 0 6 0 7 1 0 0 8 0 9 0 
65918
mig
7
12 0
1 0 2 0 3 1 3 1 4 0 5 0 1 0 2 0 6 1 3 0 6 0 7 1 3 0 6 0 9 1 0 0 8 0 9 1 7 1 10 0 11 0 
65919
mig
5
10 0
0 0 1 0 2 0 0 0 1 1 2 0 3 1 4 0 5 0 3 0 6 0 8 0 1 0 7 0 9 0 
65920
mig
6
11 0
3 1 4 0 5 0 0 0 1 0 3 1 1 0 2 0 3 1 0 0 6 1 7 0 1 0 2 0 6 0 8 1 9 0 10 0 
65921
mig
5
10 0
3 0 4 1 5 0 0 0 4 0 6 0 4 0 6 0 7 1 1 0 2 0 7 0 7 0 8 1 9 0 
65922
mig
6
11 0
1 0 3 0 4 1 3 0 4 1 5 0 2 0 4 1 6 0 2 0 6 0 7 0 0 0 8 1 9 0 7 1 9 0 10 0 
65923
mig
5
10 0
1 0 2 0 5 0 0 0 3 0 4 0 0 1 4 0 5 0 6 0 7 0 8 1 3 1 7 0 9 0 
65926
mig
7
12 0
3 0 4 0 5 0 1 0 3 1 6 0 2 0 3 1 7 0 4 0 5 0 6 1 0 0 8 0 9 0 2 0 7 0 9 0 0 0 10 1 11 0 
65927
mig
6
11 0
1 0 2 0 3 0 1 0 2 0 3 1 4 0 5 0 7 0 3 1 6 0 8 0 0 0 3 0 9 0 8 1 9 0 10 0 
65928
mig
5
10 0
0 1 4 0 5 0 1 0 2 0 5 0 1 0 2 0 3 1 0 0 4 0 8 1 6 1 7 0 9 0 
65929
mig
5
10 0
1 1 2 0 5 0 2 0 4 0 6 1 3 0 5 0 7 1 0 0 4 0 8 1 0 0 7 0 9 1 
65930
mig
5
10 0
1 0 2 0 4 1 0 0 3 1 4 0 5 0 6 0 7 0 1 0 2 0 5 0 0 0 8 1 9 0 
65931
mig
4
9 0
0 1 4 0 5 0 0 0 3 0 4 0 1 0 2 0 5 0 6 1 7 0 8 0 
65934
mig
5
10 0
3 1 4 0 5 0 1 0 2 0 3 1 1 0 2 0 6 0 0 0 7 1 8 0 6 1 8 0 9 0 
65935
mig
4
9 0
3 1 4 0 5 0 1 0 2 0 6 0 0 0 3 0 7 0 6 1 7 0 8 0 
65942
mig
7
12 0
2 0 3 0 4 0 0 0 3 0 4 0 2 0 6 1 7 0 1 0 6 1 8 0 0 0 5 1 9 0 1 0 5 0 8 0 9 1 10 0 11 0 
65943
mig
6
11 0
3 0 4 0 5 0 3 0 4 1 5 0 0 0 4 0 7 0 1 0 2 0 8 0 4 0 6 1 7 0 8 0 9 0 10 1 
65944
mig
7
12 0
2 0 4 1 5 0 1 0 4 1 6 0 3 0 4 1 5 0 5 0 7 0 8 1 0 0 7 0 8 1 1 0 5 0 6 0 9 1 10 0 11 0 
65945
mig
5
10 0
0 0 4 0 5 0 0 0 3 0 5 0 1 0 4 1 6 0 2 0 7 0 8 0 5 1 6 0 9 0 
65946
mig
7
12 0
1 0 2 0 5 0 3 0 4 1 6 0 1 0 2 0 4 1 5 0 7 1 8 0 0 0 6 0 9 1 5 0 8 0 9 1 7 1 10 0 11 0 
65947
mig
6
11 0
0 1 4 0 5 0 0 0 3 0 5 0 1 0 2 0 7 0 3 1 7 0 8 0 4 0 5 0 9 1 6 1 8 0 10 0 
65950
mig
7
12 0
1 0 2 0 3 1 0 0 4 0 5 0 3 1 4 0 5 0 0 0 6 1 7 0 1 0 3 0 7 1 2 1 8 0 10 0 1 0 9 0 11 1 
65951
mig
5
10 0
0 0 4 0 5 0 0 0 3 0 6 0 3 1 4 0 5 0 1 0 2 0 7 0 6 0 8 1 9 0 
65960
mig
6
11 0
1 0 2 0 3 1 0 0 3 0 4 0 5 0 6 0 7 0 1 0 2 0 8 0 0 0 6 0 8 1 6 1 9 0 10 0 
65961
mig
5
10 0
0 0 3 0 4 0 0 0 5 0 6 0 1 0 2 1 5 0 6 0 7 1 8 0 1 0 7 0 9 1 
65962
mig
5
10 0
1 0 2 0 5 0 0 0 5 1 6 0 3 0 4 0 5 1 1 0 2 0 8 1 6 0 7 0 9 1 
65963
mig
4
9 0
3 0 4 0 5 1 0 0 5 0 6 1 1 0 2 0 5 0 0 0 7 1 8 0 
65964
mig
6
11 0
1 0 2 0 4 1 3 0 5 1 6 0 3 1 4 0 6 0 1 0 2 0 7 1 0 0 3 1 7 0 8 1 9 0 10 0 
65965
mig
5
10 0
0 1 3 0 5 0 0 0 4 0 5 0 1 0 2 0 7 0 3 0 4 1 7 0 6 1 8 0 9 0 
65966
mig
6
11 0
3 0 4 0 5 1 1 0 2 0 6 1 0 0 5 0 7 1 3 0 6 1 8 0 1 0 2 0 8 0 5 1 9 0 10 0 
65967
mig
4
9 0
0 0 4 0 5 0 0 0 3 1 5 0 1 0 2 0 6 0 0 0 7 1 8 0 
65980
mig
7
12 0
1 0 2 0 5 0 0 0 1 0 2 0 3 0 5 1 6 0 4 0 7 0 8 0 3 0 6 1 7 0 0 0 4 0 10 1 4 1 9 0 11 0 
65981
mig
5
10 0
3 0 4 1 5 0 0 0 4 0 6 0 1 0 3 1 6 0 2 0 3 0 6 1 7 0 8 0 9 0 
65982
mig
6
11 0
3 0 4 1 5 0 1 0 2 0 4 1 0 0 6 0 7 1 1 0 2 0 8 0 3 0 4 1 8 0 6 1 9 0 10 0 
65983
mig
5
10 0
3 1 4 0 5 0 0 0 3 0 6 0 1 0 2 0 7 0 3 1 4 0 7 0 6 1 8 0 9 0 
66024
mig
6
11 0
0 0 3 0 4 0 1 0 2 0 6 0 1 0 2 0 5 1 0 0 7 0 8 1 3 0 4 0 5 0 7 0 9 0 10 1 
66025
mig
5
10 0
3 0 4 0 5 0 4 0 5 0 6 1 0 0 3 0 7 0 1 0 2 0 8 0 6 1 8 0 9 0 
66026
mig
6
11 0
1 0 2 0 5 1 3 0 4 0 6 0 0 0 6 1 7 0 5 0 6 1 7 0 1 0 2 0 8 0 8 0 9 1 10 0 
66027
mig
5
10 0
0 0 4 0 5 0 0 1 3 0 4 0 3 0 4 0 5 1 1 0 2 0 6 0 7 1 8 0 9 0 
66030
mig
5
10 0
0 0 4 0 5 0 1 0 2 0 6 0 0 0 6 1 7 0 1 0 2 0 3 1 7 0 8 0 9 1 
66031
mig
4
9 0
0 0 4 0 5 0 1 0 2 0 6 0 0 0 3 1 6 0 0 0 7 0 8 1 
66046
mig
6
11 0
3 0 4 0 5 1 0 0 5 0 6 0 1 1 2 0 7 0 2 0 7 0 8 1 0 0 1 0 8 1 1 1 9 0 10 0 
66047
mig
3
8 0
3 0 4 0 5 1 0 0 5 0 6 0 1 0 2 0 7 0 
66108
mig
7
12 0
1 0 2 0 5 0 2 0 3 0 4 0 3 0 4 0 6 1 1 0 6 0 8 0 6 0 7 1 8 0 0 0 9 0 10 1 1 1 9 0 11 0 
66109
mig
6
11 0
0 0 2 0 3 0 0 0 3 0 5 1 2 1 4 0 7 0 1 0 4 0 6 0 0 0 2 1 7 0 8 1 9 0 10 0 
66111
mig
4
9 0
3 1 4 0 5 0 2 0 4 0 6 1 1 0 3 0 6 0 0 0 7 0 8 0 
66112
mig
6
11 0
1 0 3 0 5 0 1 0 2 0 4 1 2 0 5 1 6 0 0 1 3 0 4 0 6 1 7 0 9 0 0 0 8 0 10 1 
66113
mig
5
10 0
1 1 3 0 5 0 0 0 3 0 4 0 2 0 4 0 6 0 0 0 2 0 5 0 7 0 8 1 9 0 
66114
mig
5
10 0
1 1 4 0 5 0 0 0 3 0 4 0 1 0 2 1 3 0 0 0 5 0 8 1 6 1 7 0 9 0 
66115
mig
5
10 0
0 0 3 0 4 0 0 0 2 0 5 0 1 1 4 0 5 0 6 0 7 0 8 1 3 1 6 0 9 0 
66118
mig
5
10 0
0 0 3 0 4 0 1 0 5 0 6 0 1 0 2 1 4 0 0 0 7 0 8 1 5 1 7 0 9 0 
66119
mig
4
9 0
0 0 3 0 4 0 1 1 4 0 5 0 0 0 2 0 5 0 6 0 7 1 8 0 
66120
mig
6
11 0
1 0 3 0 5 1 1 1 2 0 4 0 2 0 4 0 5 1 0 0 3 0 8 0 0 0 2 0 6 1 7 1 9 0 10 0 
66121
mig
5
10 0
1 1 3 0 5 0 2 0 4 0 6 1 0 0 2 0 5 1 3 1 4 0 8 0 0 0 7 0 9 1 
66122
mig
5
10 0
1 0 3 0 5 0 3 1 4 0 6 0 1 0 2 1 4 0 5 0 7 1 8 0 0 0 6 0 9 1 
66123
mig
5
10 0
0 0 3 0 4 0 3 0 4 1 5 0 0 0 2 0 7 0 1 1 3 0 5 0 6 0 8 0 9 1 
66126
mig
5
10 0
1 1 4 0 5 0 1 0 2 0 4 0 1 0 3 1 5 0 5 1 6 0 8 0 0 0 7 0 9 1 
66127
mig
5
10 0
3 0 4 1 5 0 0 0 3 0 6 1 0 0 2 0 6 0 1 0 4 1 7 0 4 0 8 0 9 0 
66132
mig
6
11 0
0 1 2 0 5 0 0 0 3 0 4 0 1 0 2 1 7 0 0 0 5 0 8 1 1 0 7 0 8 1 6 1 9 0 10 0 
66133
mig
5
10 0
1 0 2 1 5 0 0 0 3 0 4 0 0 0 2 1 5 0 5 0 6 0 7 0 0 0 8 1 9 0 
66134
mig
5
10 0
0 0 3 0 4 0 1 0 2 1 6 0 0 0 5 0 7 1 1 0 5 0 6 1 1 0 8 0 9 1 
66135
mig
4
9 0
0 0 3 0 4 0 0 0 2 1 5 0 1 0 5 0 6 0 0 0 7 1 8 0 
66136
mig
6
11 0
1 1 2 0 3 0 1 0 4 1 5 0 5 1 6 0 7 0 2 1 5 0 8 0 3 0 7 0 8 1 0 0 9 1 10 0 
66137
mig
6
11 0
0 0 3 0 4 0 3 0 5 0 6 1 0 0 2 0 7 0 1 1 3 0 5 0 2 0 6 0 9 1 2 1 8 0 10 0 
66138
mig
5
10 0
1 0 2 0 4 1 1 0 3 0 5 0 0 0 3 0 6 0 2 1 5 0 8 0 0 0 7 0 9 1 
66139
mig
4
9 0
0 0 3 0 4 1 2 1 5 0 6 0 1 0 3 0 5 0 0 0 7 1 8 0 
66140
mig
6
11 0
2 0 3 1 4 0 1 1 3 0 6 0 1 0 4 1 5 0 3 0 5 0 7 1 2 1 7 0 8 0 0 0 9 0 10 1 
66141
mig
5
10 0
1 0 4 1 5 0 1 0 2 1 6 0 3 0 5 0 7 0 1 0 2 0 6 1 0 0 8 0 9 0 
66142
mig
6
11 0
1 0 2 0 4 0 1 0 3 0 5 1 2 1 4 0 7 0 1 0 3 0 7 1 5 0 6 1 8 0 0 0 9 0 10 1 
66143
mig
4
9 0
1 0 4 1 5 0 1 0 2 0 6 1 1 0 3 0 5 0 0 0 7 0 8 0 
66152
mig
7
12 0
1 0 2 0 4 1 1 0 3 0 5 0 0 0 3 1 6 0 4 0 6 0 7 1 4 0 8 0 9 1 0 0 2 0 9 1 5 1 10 0 11 0 
66153
mig
7
12 0
1 0 2 1 5 0 4 0 5 0 6 1 0 0 2 0 5 0 3 0 7 1 8 0 0 0 1 0 6 1 3 0 4 0 10 1 4 0 9 0 11 1 
66154
mig
6
11 0
0 0 1 0 2 0 3 0 4 0 6 0 1 0 2 1 7 0 1 1 5 0 7 0 0 0 5 0 8 1 7 0 9 1 10 0 
66155
mig
6
11 0
2 0 3 0 4 1 2 0 3 0 4 0 0 0 3 0 4 1 5 0 6 1 8 0 1 0 5 0 7 0 0 0 9 1 10 0 
66156
mig
6
11 0
1 0 2 0 3 1 3 0 5 0 6 0 0 0 4 0 6 0 2 1 7 0 8 0 1 0 4 0 7 0 0 0 9 1 10 0 
66157
mig
6
11 0
2 0 3 0 5 0 0 0 2 0 5 0 1 1 4 0 6 0 0 0 2 0 5 1 3 0 4 0 9 0 7 0 8 1 10 0 
66158
mig
6
11 0
0 0 2 0 5 0 1 0 3 0 6 0 2 1 4 0 7 0 1 0 4 1 5 0 0 0 1 0 8 1 7 0 9 1 10 0 
66159
mig
5
10 0
3 0 4 1 5 0 0 0 2 0 6 0 2 0 3 0 5 1 0 0 4 0 8 0 1 0 7 0 9 0 
66172
mig
7
12 0
1 0 4 0 5 0 0 1 2 0 5 0 1 1 3 0 4 0 1 0 2 1 8 0 3 0 6 0 8 1 0 0 7 1 8 0 9 1 10 0 11 0 
66173
mig
6
11 0
0 0 1 0 2 0 1 1 2 0 3 0 4 0 5 0 7 0 3 0 4 0 6 0 0 0 2 0 5 0 8 1 9 0 10 0 
66174
mig
6
11 0
0 0 1 0 2 0 3 0 4 0 6 0 1 0 2 1 4 0 0 0 5 0 8 1 1 1 3 0 5 0 7 0 9 0 10 1 
66175
mig
5
10 0
0 0 2 0 5 1 3 0 4 0 6 0 1 0 5 0 7 1 0 0 2 0 6 1 1 0 8 1 9 0 
66240
mig
6
11 0
1 0 2 0 4 0 1 0 5 0 6 1 2 1 5 0 6 0 3 0 7 0 8 1 3 0 4 1 6 0 0 0 9 1 10 0 
66241
mig
6
11 0
2 0 3 0 5 1 1 0 2 1 3 0 0 0 2 0 5 1 4 0 6 1 8 0 1 0 4 0 7 1 0 0 9 1 10 0 
66243
mig
6
11 0
0 1 3 0 4 0 1 0 5 0 6 0 0 0 1 0 5 1 2 0 7 0 8 0 3 0 4 0 6 1 6 1 9 0 10 0 
66244
mig
6
11 0
1 0 2 0 4 0 1 1 2 0 3 0 1 0 3 1 5 0 4 0 6 1 8 0 5 0 6 0 7 1 0 0 9 1 10 0 
66245
mig
6
11 0
2 0 3 0 4 1 1 0 2 0 4 0 0 0 3 0 5 1 6 0 7 1 8 0 0 0 8 0 9 1 6 0 9 1 10 0 
66246
mig
6
11 0
1 0 4 0 5 0 1 0 3 1 5 0 2 0 5 1 6 0 4 0 7 0 8 1 6 0 7 0 9 1 0 0 9 1 10 0 
66247
mig
5
10 0
0 0 3 0 5 1 0 0 2 0 6 1 1 0 4 1 6 0 0 0 3 0 4 0 7 0 8 0 9 0 
66252
mig
6
11 0
2 0 4 1 5 0 1 0 3 1 5 0 2 0 6 1 7 0 0 0 4 0 8 1 1 1 2 0 4 0 2 0 9 0 10 1 
66253
mig
5
10 0
1 0 2 0 4 0 2 1 3 0 5 0 0 0 2 1 5 0 4 0 7 1 8 0 0 0 6 0 9 1 
66255
mig
5
10 0
0 0 3 0 4 0 0 0 2 0 5 0 2 0 4 0 5 1 1 0 7 0 8 0 4 1 6 0 9 0 
66260
mig
6
11 0
0 0 1 0 5 0 0 0 2 0 5 1 3 0 4 0 7 0 6 0 7 0 8 0 1 0 2 0 8 0 0 0 9 1 10 0 
66261
mig
6
11 0
0 0 3 0 4 0 0 1 2 0 5 0 2 0 3 0 4 1 3 1 5 0 8 0 1 0 2 0 6 0 7 1 9 0 10 0 
66262
mig
6
11 0
3 0 4 0 5 1 1 0 2 1 6 0 0 0 1 0 5 1 0 0 3 0 4 0 1 0 5 0 9 0 7 1 8 0 10 0 
66263
mig
6
11 0
1 0 2 1 4 0 3 0 5 0 6 0 2 0 4 0 5 1 0 0 7 0 8 0 1 0 3 1 7 0 6 1 9 0 10 0 
66264
mig
6
11 0
2 0 4 0 5 0 0 0 3 0 4 0 1 0 3 0 5 1 1 0 2 0 7 0 0 0 6 0 8 1 6 1 9 0 10 0 
66265
mig
6
11 0
2 0 4 0 5 0 0 0 3 0 4 0 1 0 2 0 7 0 3 1 5 0 7 0 0 0 2 0 9 0 6 1 8 0 10 0 
66267
mig
5
10 0
0 0 3 0 4 1 4 0 5 1 6 0 2 0 6 1 7 0 1 0 3 0 7 1 0 0 8 0 9 0 
66268
mig
6
11 0
2 1 3 0 5 0 4 0 5 1 6 0 1 0 2 0 7 0 1 0 4 1 5 0 0 0 6 0 9 1 7 1 8 0 10 0 
66269
mig
5
10 0
2 1 3 0 5 0 1 0 4 1 5 0 1 0 2 1 7 0 0 0 6 0 7 1 2 0 8 0 9 0 
66270
mig
6
11 0
1 0 3 0 5 0 1 0 2 0 4 0 1 0 2 1 3 0 5 0 7 1 8 0 0 0 6 0 9 1 4 1 7 0 10 0 
66271
mig
5
10 0
0 0 3 0 4 0 2 0 4 1 5 0 0 1 2 0 5 0 1 0 6 0 7 0 2 0 8 1 9 0 
66300
mig
6
11 0
0 0 1 1 5 0 0 0 3 0 4 0 0 1 2 0 5 0 2 0 6 0 7 1 1 0 2 0 7 0 8 1 9 0 10 0 
66301
mig
5
10 0
0 0 3 0 4 0 1 1 2 0 6 0 5 0 6 0 7 1 0 1 5 0 7 0 2 0 8 0 9 1 
66303
mig
4
9 0
0 0 2 0 5 0 0 0 3 0 4 0 2 0 5 1 7 0 1 0 6 0 8 0 
66364
mig
7
12 0
2 0 3 1 4 0 3 0 5 1 6 0 1 0 5 0 7 0 3 0 6 0 8 1 2 0 4 0 6 1 0 0 1 1 8 0 9 1 10 0 11 0 
66365
mig
6
11 0
1 1 2 0 3 0 1 0 4 0 6 0 0 0 5 1 6 0 2 0 3 0 6 1 4 0 8 0 9 1 0 0 7 0 10 1 
66366
mig
7
12 0
2 0 3 0 4 1 2 0 3 0 6 1 4 0 5 1 6 0 1 0 5 1 8 0 5 0 7 1 9 0 1 0 8 0 9 1 0 0 10 1 11 0 
66367
mig
5
10 0
0 0 1 0 2 0 0 0 1 0 2 1 2 0 3 1 5 0 4 0 7 0 8 0 3 0 6 0 9 0 
66390
mig
6
11 0
0 0 3 0 4 0 0 0 2 0 5 0 1 0 6 0 7 1 0 0 7 1 8 0 1 0 6 0 8 1 8 1 9 0 10 0 
66391
mig
3
8 0
0 0 3 0 4 0 0 0 2 0 5 0 1 0 6 0 7 0 
66392
mig
7
12 0
1 1 2 0 3 0 0 0 2 0 5 0 1 0 4 1 7 0 6 1 7 0 8 0 0 0 3 0 9 1 7 0 8 0 9 1 6 1 10 0 11 0 
66393
mig
6
11 0
2 1 3 0 5 0 0 0 2 0 5 0 0 1 4 0 6 0 3 0 6 0 8 1 1 0 7 0 9 0 4 0 8 1 10 0 
66394
mig
6
11 0
1 0 3 0 5 0 1 0 2 0 4 0 2 0 3 1 5 0 1 0 2 1 3 0 7 1 8 0 9 0 0 0 6 0 10 1 
66395
mig
5
10 0
0 0 2 0 5 0 0 0 3 0 4 1 1 0 3 0 6 0 2 1 6 0 7 0 0 0 8 0 9 1 
66398
mig
7
12 0
0 0 2 0 5 0 1 0 2 1 4 0 0 0 1 0 7 1 1 0 3 0 6 0 3 0 6 0 7 1 1 0 4 1 10 0 8 0 9 0 11 1 
66399
mig
4
9 0
1 0 2 0 4 0 2 0 5 0 6 1 1 0 3 0 7 0 0 0 6 0 8 0 
66408
mig
7
12 0
3 0 4 1 5 0 1 0 2 1 3 0 0 0 2 0 6 0 5 0 7 0 8 1 1 0 4 0 8 0 0 0 2 1 3 0 9 1 10 0 11 0 
66409
mig
6
11 0
3 0 4 0 5 0 0 0 2 0 5 1 1 1 2 0 6 0 0 0 2 0 7 1 3 0 4 0 7 0 8 1 9 0 10 0 
66410
mig
7
12 0
2 0 3 0 4 0 1 0 3 0 4 0 0 0 2 0 5 0 1 0 6 0 8 1 1 0 7 0 9 1 0 0 6 0 8 1 9 1 10 0 11 0 
66411
mig
6
11 0
1 0 3 0 5 0 0 0 1 0 4 0 0 1 3 0 4 0 3 0 4 0 5 1 2 0 6 0 7 0 8 1 9 0 10 0 
66412
mig
7
12 0
1 0 2 0 4 0 3 0 4 1 6 0 1 0 3 0 5 1 2 0 6 1 8 0 3 1 4 0 9 0 0 0 7 1 9 0 6 0 10 1 11 0 
66413
mig
6
11 0
0 0 3 0 4 0 2 0 3 0 4 1 0 1 5 0 7 0 3 0 4 1 5 0 1 0 2 0 6 0 8 1 9 0 10 0 
66414
mig
6
11 0
0 0 2 0 5 0 1 0 3 0 6 0 2 1 4 0 7 0 0 0 1 0 8 1 1 0 4 1 6 0 7 0 9 0 10 1 
66415
mig
5
10 0
1 0 2 1 4 0 0 0 2 0 5 1 0 1 6 0 7 0 3 0 4 0 7 0 1 0 8 1 9 0 
66428
mig
7
12 0
1 0 4 0 5 0 0 0 3 0 4 0 1 0 2 1 7 0 2 0 3 1 4 0 0 0 6 0 8 1 1 0 7 0 8 1 9 1 10 0 11 0 
66429
mig
6
11 0
0 0 1 0 2 0 3 0 4 0 6 0 1 1 2 0 3 0 0 0 2 0 5 0 7 0 8 1 9 0 4 1 7 0 10 0 
66430
mig
6
11 0
2 1 3 0 4 0 0 0 2 0 5 0 1 0 4 0 7 0 1 0 3 1 7 0 0 0 1 0 6 1 8 0 9 1 10 0 
66431
mig
4
9 0
0 0 2 0 5 1 0 0 2 0 6 1 3 0 4 0 6 0 1 0 7 0 8 0 
66432
mig
6
11 0
1 0 2 0 3 0 1 0 3 1 4 0 4 0 5 0 7 0 0 0 7 0 8 1 1 0 2 0 8 1 6 0 9 0 10 1 
66433
mig
6
11 0
0 0 4 0 5 0 0 0 3 0 4 0 2 0 4 1 6 0 0 1 3 0 5 0 1 1 2 0 9 0 7 0 8 0 10 1 
66434
mig
6
11 0
0 1 3 0 5 0 2 0 4 1 5 0 1 0 3 0 7 0 1 0 4 1 7 0 6 0 8 1 9 0 0 0 8 0 10 1 
66435
mig
5
10 0
1 0 3 1 4 0 4 0 5 0 6 0 0 0 3 0 7 0 2 0 6 0 7 0 7 1 8 0 9 0 
66436
mig
6
11 0
0 1 3 0 4 0 1 0 4 0 5 1 2 0 3 1 7 0 1 0 2 0 4 0 0 0 6 1 7 0 8 1 9 0 10 0 
66437
mig
6
11 0
0 0 3 0 4 0 0 1 4 0 5 0 1 1 2 0 6 0 2 0 3 1 5 0 3 1 7 0 8 0 6 0 9 0 10 1 
66438
mig
6
11 0
2 0 3 1 5 0 1 0 4 0 6 0 5 0 6 0 7 1 0 0 1 0 8 0 3 1 4 0 9 0 0 0 7 0 10 1 
66439
mig
5
10 0
0 1 4 0 5 0 0 0 3 0 6 0 2 0 3 1 5 0 1 0 4 0 8 0 6 1 7 0 9 0 
66440
mig
6
11 0
1 0 2 0 3 1 0 1 4 0 5 0 1 1 2 0 7 0 0 0 4 0 6 1 2 0 5 0 7 1 8 1 9 0 10 0 
66441
mig
5
10 0
0 0 3 0 4 0 2 0 5 1 6 0 0 0 5 0 6 0 1 1 2 0 4 0 7 0 8 0 9 1 
66442
mig
6
11 0
1 0 2 0 4 1 2 1 5 0 6 0 0 0 5 0 6 1 1 0 7 1 8 0 0 0 3 1 4 0 0 0 9 0 10 1 
66443
mig
5
10 0
1 0 4 0 5 0 1 0 2 0 6 0 0 0 3 1 4 0 4 1 6 0 8 0 0 0 7 0 9 1 
66444
mig
6
11 0
1 0 3 0 5 1 2 1 4 0 6 0 1 0 2 0 3 1 6 1 7 0 8 0 1 0 4 0 7 1 0 0 9 1 10 0 
66445
mig
5
10 0
1 1 2 0 4 0 3 0 4 1 5 0 0 0 4 0 7 0 2 0 3 0 7 1 6 1 8 0 9 0 
66446
mig
6
11 0
3 1 4 0 5 0 1 0 2 1 6 0 1 0 4 0 6 0 2 0 3 1 7 0 0 0 8 0 9 1 1 0 7 1 10 0 
66447
mig
5
10 0
1 0 2 0 4 0 3 1 4 0 5 0 0 0 3 0 7 0 1 0 6 1 7 0 1 0 8 0 9 1 
66452
mig
7
12 0
1 0 2 0 3 0 1 0 3 0 5 1 2 0 4 1 7 0 3 0 4 0 5 1 0 0 6 0 8 1 2 0 7 0 9 0 9 1 10 0 11 0 
66453
mig
6
11 0
0 0 1 0 2 0 3 0 4 0 6 0 0 0 5 0 7 0 1 0 2 0 7 0 2 0 5 0 7 0 8 0 9 0 10 1 
66454
mig
7
12 0
1 0 3 0 4 0 0 0 3 0 4 0 1 0 6 1 7 0 2 0 5 0 8 1 2 0 6 0 8 0 0 0 5 0 8 1 9 1 10 0 11 0 
66455
mig
6
11 0
2 0 3 0 4 0 0 0 3 0 4 0 0 0 5 0 6 0 1 0 2 1 6 0 5 0 7 1 9 0 1 0 8 0 10 1 
66456
mig
6
11 0
0 0 3 0 4 0 1 0 5 1 6 0 2 0 4 0 7 1 0 0 4 0 7 1 1 0 2 0 6 0 8 1 9 0 10 0 
66457
mig
5
10 0
2 1 4 0 5 0 0 0 3 0 4 0 1 0 2 0 7 0 0 1 4 0 5 0 6 0 8 0 9 1 
66458
mig
6
11 0
0 0 3 0 4 0 1 0 4 1 6 0 0 0 5 1 7 0 2 0 5 1 7 0 1 0 2 0 6 0 8 0 9 1 10 0 
66459
mig
5
10 0
0 0 3 0 4 0 2 0 4 1 5 0 1 0 6 0 7 0 0 0 4 1 5 0 0 0 8 0 9 1 
66460
mig
6
11 0
1 0 3 0 5 1 0 0 3 0 4 0 2 0 4 0 6 1 1 0 2 0 7 0 0 0 4 0 6 1 8 1 9 0 10 0 
66461
mig
6
11 0
1 1 2 0 4 0 1 0 3 0 6 0 4 0 5 0 7 1 0 0 7 0 8 0 2 0 4 0 8 1 6 1 9 0 10 0 
66462
mig
7
12 0
1 0 2 0 4 0 3 0 4 1 5 0 1 0 3 0 5 1 2 1 4 0 8 0 1 1 2 0 7 0 3 1 9 0 10 0 0 0 6 0 11 1 
66463
mig
5
10 0
1 0 3 0 5 1 2 0 4 0 6 0 0 0 3 1 4 0 1 1 6 0 8 0 0 0 7 0 9 1 
66472
mig
6
11 0
0 0 3 0 4 0 1 0 5 1 6 0 2 0 6 1 7 0 1 1 2 0 6 0 0 0 7 0 9 1 2 0 8 1 10 0 
66473
mig
5
10 0
0 0 3 0 4 0 0 0 5 0 6 0 1 1 2 0 6 0 2 0 5 1 6 0 7 0 8 1 9 0 
66474
mig
5
10 0
0 0 3 0 4 0 1 0 2 0 6 1 0 0 5 0 7 1 2 1 5 0 7 0 1 0 8 0 9 1 
66475
mig
4
9 0
0 0 3 0 4 0 0 0 5 0 6 0 2 0 5 1 6 0 1 0 7 0 8 0 
66476
mig
6
11 0
0 0 3 0 4 0 1 0 3 0 5 1 1 1 2 0 6 0 0 0 7 0 8 1 2 0 6 0 7 0 7 1 9 0 10 0 
66477
mig
6
11 0
2 0 3 1 4 0 0 0 3 0 4 0 0 1 3 0 5 0 1 0 2 0 7 0 3 0 5 0 6 1 8 1 9 0 10 0 
66478
mig
6
11 0
2 0 3 1 4 0 1 0 5 1 6 0 0 0 3 0 4 0 0 0 1 0 5 1 1 0 2 0 8 0 7 1 9 0 10 0 
66479
mig
5
10 0
1 0 2 0 4 0 0 0 2 0 5 1 3 0 6 0 7 0 0 0 1 1 7 0 0 0 8 0 9 1 
66492
mig
7
12 0
1 0 4 0 5 0 1 0 3 0 6 1 2 0 4 0 7 1 1 1 7 0 8 0 2 0 4 0 8 1 0 0 3 0 7 1 9 1 10 0 11 0 
66493
mig
6
11 0
0 0 3 0 4 0 0 1 5 0 6 0 1 0 2 0 6 0 2 0 3 0 4 1 3 0 5 0 9 1 7 1 8 0 10 0 
66494
mig
6
11 0
1 0 2 0 4 1 3 1 4 0 6 0 3 0 4 1 5 0 0 0 6 1 8 0 2 1 7 0 8 0 1 0 9 0 10 1 
66495
mig
4
9 0
3 1 4 0 5 0 0 0 3 0 6 0 2 0 4 0 6 1 1 0 7 0 8 0 
66496
mig
6
11 0
1 0 2 0 4 1 2 0 5 1 6 0 0 1 3 0 4 0 0 0 3 0 7 1 1 0 2 0 6 1 8 1 9 0 10 0 
66497
mig
5
10 0
2 0 3 0 4 1 1 0 3 0 6 1 4 0 5 0 6 1 0 0 3 0 8 0 1 0 7 1 9 0 
66498
mig
6
11 0
0 0 3 0 4 0 2 0 5 0 6 1 1 0 3 0 7 1 0 0 2 0 4 1 1 0 7 1 9 0 6 0 8 1 10 0 
66499
mig
5
10 0
0 0 3 0 4 0 0 0 1 1 5 0 2 0 3 1 7 0 1 0 4 0 8 0 4 1 6 0 9 0 
66500
mig
6
11 0
1 0 4 0 5 0 1 0 2 0 4 0 3 1 6 0 7 0 1 0 2 0 3 1 4 0 7 1 9 0 0 0 8 0 10 1 
66501
mig
5
10 0
1 1 2 0 4 0 0 0 3 0 4 0 2 0 3 1 5 0 0 0 2 0 8 0 6 1 7 0 9 0 
66502
mig
6
11 0
2 0 3 1 5 0 1 0 4 0 6 0 4 0 6 0 7 1 2 0 3 0 8 1 1 0 8 0 9 1 0 0 7 0 10 1 
66503
mig
5
10 0
0 0 2 0 5 0 0 0 3 0 4 0 2 0 3 1 6 0 1 0 7 0 8 0 4 1 7 0 9 0 
66504
mig
6
11 0
1 0 4 0 5 1 1 0 3 1 6 0 2 0 3 1 6 0 2 0 4 0 7 0 0 0 8 1 9 0 4 1 9 0 10 0 
66505
mig
6
11 0
0 1 3 0 4 0 1 0 2 0 4 0 0 1 4 0 5 0 2 1 4 0 5 0 3 0 8 1 9 0 6 1 7 0 10 0 
66506
mig
6
11 0
1 0 2 0 4 0 1 0 2 0 5 1 1 1 3 0 5 0 3 0 4 1 6 0 6 1 7 0 8 0 0 0 9 0 10 1 
66507
mig
5
10 0
0 0 3 0 4 0 2 1 3 0 5 0 0 1 4 0 7 0 1 0 2 0 7 0 6 0 8 1 9 0 
66508
mig
5
10 0
1 0 2 0 4 0 1 0 5 1 6 0 2 0 3 1 7 0 0 0 4 1 6 0 6 0 8 1 9 0 
66509
mig
5
10 0
1 0 2 0 4 0 0 0 2 0 5 1 3 0 6 1 7 0 3 1 4 0 8 0 0 0 6 0 9 1 
66510
mig
6
11 0
0 0 2 0 5 0 2 0 4 0 6 1 1 0 3 1 6 0 1 0 6 0 7 0 0 0 8 1 9 0 4 1 9 0 10 0 
66511
mig
4
9 0
0 0 1 1 5 0 2 0 4 1 6 0 0 0 3 0 4 0 1 0 7 0 8 0 
66516
mig
6
11 0
1 0 2 0 4 0 1 0 2 1 3 0 4 0 5 1 7 0 1 1 2 0 3 0 3 1 8 0 9 0 0 0 6 0 10 1 
66517
mig
5
10 0
0 0 2 0 5 1 3 0 4 0 6 0 1 0 2 0 7 0 0 0 7 1 8 0 6 1 8 0 9 0 
66518
mig
6
11 0
0 0 2 0 5 0 1 0 3 1 6 0 0 0 4 0 7 1 1 0 2 1 3 0 4 0 6 1 9 0 1 0 8 0 10 1 
66519
mig
5
10 0
0 0 3 0 4 1 4 0 5 1 6 0 0 0 3 0 6 1 0 0 2 0 7 1 1 0 8 0 9 0 
66520
mig
6
11 0
1 0 2 0 4 1 0 1 4 0 5 0 1 0 3 0 5 1 2 1 7 0 8 0 0 0 3 0 6 1 1 0 9 1 10 0 
66521
mig
6
11 0
2 0 4 0 5 0 3 0 5 0 6 1 0 0 4 0 7 0 5 0 7 1 8 0 1 0 2 0 8 0 6 1 9 0 10 0 
66522
mig
6
11 0
0 0 2 0 5 0 1 0 4 1 6 0 1 0 3 0 6 0 2 1 6 0 7 0 0 0 3 1 7 0 8 0 9 1 10 0 
66523
mig
5
10 0
0 0 3 0 4 0 0 1 4 0 5 0 1 0 3 0 5 1 2 1 7 0 8 0 1 0 6 0 9 1 
66524
mig
6
11 0
1 0 3 0 5 1 1 0 2 0 3 0 1 0 2 0 4 0 2 1 4 0 6 0 2 0 7 1 9 0 0 0 8 0 10 1 
66525
mig
5
10 0
0 0 3 0 4 0 0 0 2 0 5 1 1 0 2 0 6 0 0 0 7 1 8 0 4 1 8 0 9 0 
66526
mig
6
11 0
2 0 4 1 5 0 0 0 3 0 4 0 1 0 2 1 7 0 0 0 6 0 8 1 1 1 6 0 7 0 7 0 9 0 10 1 
66527
mig
4
9 0
0 0 2 0 5 0 0 0 3 0 4 0 2 0 4 1 6 0 1 0 7 0 8 0 
66536
mig
6
11 0
1 0 3 0 5 1 3 0 4 0 5 0 1 0 2 0 7 0 2 0 4 1 6 0 0 0 3 0 9 1 7 1 8 0 10 0 
66537
mig
6
11 0
3 0 4 0 5 0 0 0 2 0 5 1 1 0 2 0 6 0 0 0 3 0 7 1 0 0 4 0 9 0 6 1 8 0 10 0 
66538
mig
6
11 0
1 0 3 0 5 1 2 0 4 1 6 0 2 1 5 0 6 0 1 0 2 1 7 0 0 0 3 0 7 1 8 1 9 0 10 0 
66539
mig
5
10 0
0 0 1 1 5 0 3 0 4 0 5 0 2 0 6 0 7 1 0 0 3 0 4 0 1 0 8 0 9 0 
66540
mig
6
11 0
1 0 3 0 5 1 3 0 4 0 6 1 2 0 4 1 6 0 0 0 3 0 8 1 1 0 2 1 7 0 1 0 9 0 10 1 
66541
mig
6
11 0
0 0 3 0 4 0 0 0 5 0 6 0 1 0 2 0 6 0 4 1 7 0 8 0 2 0 3 0 5 0 8 0 9 0 10 1 
66542
mig
5
10 0
1 0 4 0 5 1 2 1 5 0 6 0 2 0 3 1 6 0 0 0 4 0 8 1 1 0 7 1 9 0 
66543
mig
5
10 0
2 1 4 0 5 0 3 0 4 1 6 0 0 0 4 0 7 0 1 0 2 0 6 0 6 1 8 0 9 0 
66556
mig
6
11 0
0 0 3 0 4 0 1 0 5 0 6 0 1 0 2 1 6 0 0 0 2 1 6 0 1 0 7 0 8 1 8 1 9 0 10 0 
66557
mig
5
10 0
2 0 3 1 4 0 3 0 5 0 6 1 1 0 3 1 7 0 0 0 4 0 7 0 2 0 8 0 9 0 
66558
mig
6
11 0
0 0 3 0 4 0 2 0 5 0 6 1 0 0 2 0 6 1 1 0 6 0 7 0 1 0 7 1 8 0 1 1 9 0 10 0 
66559
mig
4
9 0
2 1 4 0 5 0 3 0 4 0 6 1 0 0 6 0 7 0 1 0 2 0 8 0 
67168
mig
6
11 0
1 0 2 0 3 0 2 0 3 0 6 1 4 0 5 0 6 1 1 0 6 1 8 0 4 0 5 0 7 1 0 0 9 1 10 0 
67169
mig
5
10 0
1 1 2 0 3 0 4 0 5 0 6 0 2 0 3 0 7 1 4 0 5 0 6 1 0 0 8 0 9 0 
67170
mig
6
11 0
1 0 4 1 5 0 2 0 3 0 5 1 2 0 3 0 4 1 1 0 5 0 7 0 0 0 7 1 8 0 6 1 9 0 10 0 
67171
mig
5
10 0
2 0 3 0 4 0 1 1 5 0 6 0 2 0 3 0 7 1 4 0 5 0 7 1 0 0 8 0 9 0 
67174
mig
5
10 0
1 0 4 0 5 0 1 1 4 0 5 0 2 0 3 0 7 1 1 0 7 0 8 1 0 0 6 0 9 1 
67175
mig
4
9 0
1 0 4 0 5 0 1 1 4 0 5 0 2 0 3 0 7 1 0 0 6 0 8 0 
67176
mig
7
12 0
0 1 2 0 3 0 2 0 3 0 6 1 4 0 5 1 7 0 4 0 7 0 8 1 1 0 5 0 8 0 1 0 6 1 9 0 0 0 10 0 11 1 
67177
mig
7
12 0
1 1 2 0 3 0 0 0 1 0 5 1 4 0 6 0 7 1 1 0 2 0 3 0 4 0 5 0 8 1 0 0 9 0 10 0 6 0 8 1 11 0 
67178
mig
6
11 0
1 0 2 0 3 1 3 0 4 0 6 0 1 1 5 0 7 0 5 0 7 0 8 1 2 1 6 0 8 0 0 0 9 0 10 1 
67179
mig
6
11 0
2 0 3 0 4 0 1 0 5 0 6 0 2 0 3 0 4 1 4 0 5 0 6 1 0 0 8 0 9 0 5 1 7 0 10 0 
67182
mig
6
11 0
1 0 4 0 5 0 0 0 4 0 5 0 1 0 3 1 7 0 0 0 6 0 7 1 1 0 2 0 7 0 8 1 9 0 10 0 
67183
mig
6
11 0
1 1 4 0 5 0 1 0 2 0 5 0 0 0 6 1 7 0 3 0 4 0 8 0 0 0 2 0 5 0 6 1 9 0 10 0 
67186
mig
7
12 0
0 1 2 0 4 0 1 0 2 0 3 0 5 0 6 0 7 1 1 0 3 0 5 1 1 0 4 0 5 0 0 0 7 0 9 1 8 1 10 0 11 0 
67187
mig
6
11 0
0 0 2 1 5 0 3 0 4 0 6 0 3 1 4 0 5 0 1 0 7 1 8 0 0 0 2 0 8 0 1 0 9 1 10 0 
67190
mig
6
11 0
1 0 4 0 5 0 1 0 3 0 6 1 1 0 2 0 3 0 4 0 5 0 8 1 0 0 6 0 9 1 7 1 8 0 10 0 
67191
mig
5
10 0
1 0 2 0 3 0 0 0 2 1 5 0 4 0 6 1 7 0 1 0 4 0 5 0 0 0 8 1 9 0 
67192
mig
7
12 0
0 0 1 0 2 0 2 0 4 1 5 0 1 0 4 0 5 0 3 0 6 0 8 0 5 0 6 0 7 1 0 0 9 0 10 1 3 1 9 0 11 0 
67193
mig
6
11 0
2 0 4 0 5 0 4 0 5 0 6 1 1 0 3 0 6 0 0 0 3 0 7 1 2 1 6 0 9 0 0 0 8 0 10 1 
67194
mig
7
12 0
1 0 4 0 5 0 1 0 2 0 6 1 2 0 3 0 4 1 1 1 3 0 5 0 2 0 3 0 6 0 0 0 7 1 8 0 9 1 10 0 11 0 
67195
mig
6
11 0
2 0 3 0 5 1 1 1 5 0 6 0 0 0 3 0 4 1 0 0 4 0 6 0 2 0 5 0 8 0 7 1 9 0 10 0 
67198
mig
7
12 0
1 0 2 1 3 0 1 0 4 0 5 0 4 0 5 0 6 1 2 1 5 0 6 0 7 1 8 0 9 0 1 0 3 0 8 0 0 0 10 1 11 0 
67199
mig
5
10 0
1 0 4 0 5 0 1 0 3 0 6 0 3 1 4 0 5 0 0 0 2 0 7 0 6 0 8 1 9 0 
67200
mig
6
11 0
2 0 4 0 5 0 1 0 2 1 3 0 4 0 5 0 6 1 0 0 1 0 6 1 0 0 3 0 8 0 7 1 9 0 10 0 
67201
mig
5
10 0
2 0 4 1 5 0 1 1 2 0 3 0 3 0 5 1 6 0 4 0 6 0 7 1 0 0 8 0 9 0 
67202
mig
6
11 0
2 0 3 1 4 0 2 1 4 0 5 0 1 0 6 0 7 0 0 0 1 0 5 0 3 1 4 0 9 0 0 0 8 0 10 1 
67203
mig
6
11 0
2 0 3 1 5 0 4 1 5 0 6 0 0 0 6 1 7 0 0 0 3 0 4 0 1 0 5 1 8 0 7 0 9 0 10 0 
67206
mig
5
10 0
1 0 2 1 3 0 4 0 5 1 6 0 3 1 5 0 7 0 1 0 4 0 7 1 0 0 8 1 9 0 
67207
mig
5
10 0
2 0 4 1 5 0 0 0 3 0 5 1 1 0 4 0 7 1 3 0 5 1 6 0 0 0 8 0 9 0 
67209
mig
5
10 0
2 0 4 0 5 0 4 0 5 0 6 1 0 0 1 0 6 1 0 0 3 0 7 0 2 0 8 0 9 0 
67211
mig
6
11 0
0 1 2 0 4 0 1 1 5 0 6 0 4 0 5 0 7 1 0 1 3 0 8 0 2 0 7 1 8 0 3 0 9 1 10 0 
67215
mig
4
9 0
2 0 4 0 5 1 1 0 5 0 6 0 3 0 4 1 6 0 0 0 7 0 8 0 
67216
mig
6
11 0
2 1 4 0 5 0 0 0 1 0 5 0 3 0 4 0 7 1 6 1 7 0 8 0 1 0 2 0 3 0 0 0 9 1 10 0 
67217
mig
6
11 0
1 1 2 0 3 0 2 0 4 0 5 1 0 1 4 0 6 0 0 0 6 1 7 0 3 0 5 0 9 0 7 0 8 1 10 0 
67218
mig
7
12 0
1 0 3 1 4 0 3 1 4 0 5 0 3 0 5 1 6 0 2 0 4 1 8 0 0 0 6 0 7 1 1 0 2 0 6 1 9 1 10 0 11 0 
67219
mig
6
11 0
0 0 1 0 4 0 1 1 2 0 3 0 3 0 5 0 6 0 0 1 4 0 7 0 2 0 4 0 5 1 8 0 9 1 10 0 
67222
mig
6
11 0
0 0 1 0 5 0 1 0 2 1 3 0 4 0 5 1 7 0 3 0 4 0 6 0 0 0 1 0 5 1 8 1 9 0 10 0 
67223
mig
6
11 0
2 0 4 0 5 1 1 1 3 0 6 0 0 0 1 0 4 0 0 1 7 0 8 0 3 0 5 0 8 0 6 0 9 1 10 0 
67224
mig
7
12 0
1 0 2 0 3 0 1 0 2 0 4 0 2 0 4 0 5 0 5 0 7 0 8 1 1 0 3 0 4 1 8 0 9 1 10 0 0 0 6 0 11 1 
67225
mig
6
11 0
2 0 4 0 5 0 4 0 5 0 6 1 0 0 3 0 7 0 0 0 2 0 7 0 1 0 2 0 8 0 6 1 9 0 10 0 
67226
mig
7
12 0
1 0 3 0 5 0 0 0 3 0 5 0 2 0 4 0 5 0 1 0 4 1 7 0 1 0 2 0 7 0 0 0 6 0 9 1 8 1 10 0 11 0 
67227
mig
6
11 0
1 1 2 0 5 0 0 0 1 0 4 0 0 1 4 0 6 0 3 0 5 0 7 0 2 0 4 0 5 1 8 1 9 0 10 0 
