0
mig
2
7 0
0 0 2 1 3 0 0 0 3 1 6 0 

1
mig
4
9 0
2 0 3 0 5 1 4 0 5 0 6 1 0 0 1 0 7 0 0 0 6 0 8 0 

3
mig
3
8 0
1 0 2 1 4 0 2 0 3 0 6 1 0 0 6 0 7 0 

6
mig
4
9 0
2 1 4 0 5 0 1 0 2 1 3 0 4 0 5 0 7 0 0 0 6 1 8 0 

7
mig
4
9 0
1 0 2 0 3 1 0 0 4 1 5 0 0 0 3 0 6 0 4 0 7 0 8 0 

15
mig
2
7 0
1 1 2 0 3 0 0 0 1 0 6 0 

22
mig
5
10 0
3 0 4 0 5 1 0 0 1 0 2 0 3 0 4 0 6 1 5 0 6 0 7 1 0 0 8 0 9 1 

23
mig
3
8 0
3 0 4 0 5 0 1 0 2 1 6 0 0 0 2 0 7 0 

24
mig
4
9 0
3 0 4 0 5 0 2 1 3 0 6 0 1 0 3 0 6 0 0 0 7 1 8 0 

25
mig
4
9 0
0 0 3 0 5 1 1 0 4 0 6 0 2 0 4 1 5 0 0 0 7 0 8 0 

27
mig
4
9 0
2 0 3 0 5 0 2 0 4 0 5 1 1 0 6 1 7 0 0 0 6 0 8 0 

30
mig
4
9 0
1 1 4 0 5 0 2 1 3 0 6 0 1 0 3 0 6 0 0 0 7 1 8 0 

31
mig
4
9 0
0 0 1 0 2 0 4 0 5 0 6 1 0 1 3 0 7 0 0 0 6 0 8 0 

60
mig
3
8 0
2 1 3 0 4 0 1 0 3 0 4 0 0 0 6 1 7 0 

61
mig
5
10 0
2 0 3 0 4 1 1 0 3 0 6 1 5 0 6 1 7 0 4 1 7 0 8 0 0 0 2 0 9 0 

63
mig
3
8 0
0 1 3 0 4 0 1 0 2 0 6 1 0 0 6 0 7 0 

105
mig
5
10 0
3 0 4 1 5 0 3 0 4 0 5 1 3 1 6 0 7 0 1 0 2 0 8 1 0 0 8 0 9 0 

107
mig
5
10 0
0 0 1 0 2 0 3 0 4 0 5 1 2 0 4 0 5 1 0 1 3 0 8 0 6 0 7 0 9 1 

111
mig
4
9 0
1 0 4 1 5 0 3 0 4 1 5 0 2 0 6 1 7 0 0 0 1 0 8 0 

126
mig
4
9 0
3 0 4 0 5 1 1 1 5 0 6 0 2 0 5 0 6 0 0 0 7 1 8 0 

127
mig
4
9 0
0 0 1 0 2 0 0 0 4 1 5 0 3 0 4 1 7 0 4 0 6 0 8 0 

255
mig
1
6 0
0 0 1 0 2 0 

279
mig
5
10 0
0 0 4 0 5 1 1 0 4 1 6 0 2 0 5 0 6 0 3 0 7 1 8 0 0 0 1 0 9 0 

280
mig
5
10 0
2 1 3 0 5 0 1 1 2 0 6 0 3 0 4 0 6 1 4 0 5 1 7 0 0 0 8 0 9 1 

281
mig
4
9 0
1 0 4 0 5 1 2 1 3 0 4 0 3 0 5 0 7 1 0 0 6 0 8 0 

282
mig
4
9 0
2 0 3 0 4 1 1 1 5 0 6 0 2 0 3 0 5 0 0 0 7 1 8 0 

283
mig
4
9 0
2 0 3 0 5 0 0 0 4 1 5 0 1 0 6 1 7 0 0 0 1 0 8 1 

286
mig
5
10 0
1 1 4 0 5 0 2 0 3 1 6 0 1 1 3 0 7 0 2 0 6 0 7 1 0 0 8 1 9 0 

287
mig
3
8 0
1 1 4 0 5 0 2 0 3 0 6 0 0 0 1 0 7 0 

