18225857
18782913
19687826
19689110
19691922
19691926
19691927
19754130
19754134
19764937
19773129
19884178
20737682
20802694
20802706
20815561
20815593
23633443
23686802
23695250
23698340
23698976
23698980
23699171
23702738
23706694
23707014
23751814
23751830
23751905
23752326
23752338
23752342
23752598
23762441
23762477
23762569
23762573
23762633
23764517
23764681
23764713
23774900
23778861
23778889
23780230
23781089
23827992
23828185
23830052
23840308
23845766
23845782
24017558
24024617
24024737
24024745
24024749
24024753
24032865
24090281
26667275
26909921
26991209
27180361
27180393
32238998
56073961
56129942
56138918
56139494
56139497
56162710
56191110
56191190
56195206
56195270
56195302
56195526
56202473
56204246
56204449
56204513
56205025
56205031
56205033
56260998
56261012
56270433
56270569
56322182
56326790
56333925
56335977
56336105
56519056
56519057
56519090
56522344
56522345
56522886
56522918
56523154
56523158
56523190
56530529
56532705
56538721
56551825
56555113
56584326
56588688
56588694
57175254
57185369
57185499
57185670
57185861
57186011
57187398
57187414
57187542
57187718
57187782
57187877
57187879
57187909
57187910
57187926
57188001
57188005
57203078
57240786
57245062
57251206
57251214
57251416
57252935
57253057
57253074
57253089
57253090
57253091
57253250
57253254
57253314
57253318
57253330
57253410
57253446
57253460
57253462
57253472
57253474
57253476
57253585
57253794
57261126
57261446
57261638
57267865
57268614
57268630
57268886
57268902
57269904
57269905
57306258
57306582
57318945
57372306
57376390
57384549
57384609
57398937
57437846
57440406
57455689
57455705
57455737
57456217
57456219
57456241
57456273
57456338
57503376
57503382
57507462
57515618
57521434
57521562
57521566
57521754
57521755
57523478
57523795